1024
3 1 1 0 
3 1 1 0 
0 2 3 3 
2 3 3 2 
1 3 3 2 
1 1 1 0 
2 0 2 0 
3 2 0 2 
2 3 2 2 
3 1 1 1 
2 3 3 1 
3 2 0 2 
3 2 0 3 
3 1 1 1 
1 3 1 1 
1 3 3 0 
0 3 0 1 
1 1 0 3 
2 3 2 0 
1 1 0 3 
2 0 2 3 
1 3 1 0 
3 2 0 1 
0 2 3 0 
1 3 3 0 
2 0 2 2 
1 1 1 1 
2 3 3 0 
1 1 1 0 
3 0 3 3 
0 3 0 3 
0 2 3 1 
2 1 0 0 
2 3 3 1 
1 1 0 2 
0 3 0 0 
2 3 3 2 
0 2 3 3 
3 2 0 1 
2 3 3 0 
1 3 3 2 
0 3 0 3 
2 1 1 0 
2 1 0 1 
2 3 2 0 
2 3 2 1 
3 1 1 3 
3 1 3 3 
3 2 0 1 
1 3 3 0 
1 1 0 0 
0 2 3 1 
2 1 1 2 
2 1 1 1 
1 1 0 3 
0 3 0 2 
3 1 3 2 
1 3 3 0 
1 1 0 2 
1 1 1 0 
0 3 0 0 
0 2 3 1 
0 3 0 3 
3 2 0 1 
1 3 3 2 
2 2 2 3 
1 3 1 1 
2 3 3 2 
2 3 2 2 
2 1 0 1 
3 1 1 3 
0 3 0 0 
0 2 3 0 
1 3 3 1 
2 0 2 1 
1 1 0 1 
2 1 0 2 
3 1 1 1 
1 3 1 0 
3 1 3 3 
2 0 2 1 
1 1 0 2 
2 3 3 2 
2 3 2 1 
2 1 1 0 
2 3 3 1 
2 1 0 0 
3 1 1 2 
2 1 1 0 
3 2 0 1 
2 2 2 1 
3 1 1 2 
1 1 0 0 
3 2 0 2 
3 2 0 2 
3 1 1 0 
3 1 1 2 
3 1 3 1 
3 1 3 1 
3 0 3 1 
1 3 3 0 
3 0 3 2 
0 3 0 3 
3 2 0 3 
0 3 0 1 
1 1 0 0 
1 1 0 2 
1 1 0 0 
2 3 3 1 
2 1 0 2 
2 1 0 3 
2 2 2 1 
2 2 2 2 
0 2 3 0 
2 3 2 3 
3 2 0 0 
3 1 1 0 
3 1 1 3 
2 3 2 0 
2 0 2 0 
1 3 1 0 
0 3 0 0 
2 2 2 1 
2 1 0 0 
2 0 2 0 
3 1 3 3 
2 0 2 2 
0 3 0 2 
1 1 1 1 
2 3 3 0 
1 3 3 1 
1 3 3 3 
3 0 3 3 
2 1 1 3 
2 0 2 0 
1 3 1 1 
3 0 3 0 
2 1 1 1 
3 0 3 0 
2 3 3 2 
1 3 3 1 
2 2 2 3 
2 2 2 1 
1 1 0 2 
2 1 0 0 
2 2 2 1 
1 3 1 2 
1 1 1 2 
1 3 3 0 
2 3 3 1 
0 3 0 2 
2 3 2 3 
1 3 1 2 
2 1 0 0 
2 2 2 0 
0 2 3 3 
2 2 2 2 
2 3 2 0 
2 1 1 3 
3 0 3 0 
3 2 0 1 
2 3 3 0 
2 0 2 2 
1 3 1 0 
1 1 1 3 
0 3 0 1 
3 1 3 0 
3 0 3 1 
1 3 3 0 
2 0 2 1 
0 3 0 0 
1 3 3 0 
3 1 1 3 
1 1 0 3 
3 2 0 3 
2 1 1 3 
2 1 0 3 
1 3 3 2 
1 3 1 0 
3 1 1 2 
0 2 3 0 
1 3 3 3 
3 0 3 1 
1 1 1 3 
0 2 3 1 
2 1 1 0 
3 2 0 1 
2 3 3 2 
0 2 3 3 
2 1 0 0 
0 2 3 1 
2 0 2 2 
2 3 2 0 
2 1 0 3 
1 3 3 1 
2 3 3 0 
3 1 3 1 
3 0 3 1 
3 1 1 0 
0 2 3 3 
2 3 2 3 
1 1 0 1 
1 1 1 0 
2 1 0 2 
2 3 3 0 
3 1 3 3 
3 1 1 3 
1 1 0 2 
3 2 0 0 
2 1 0 1 
2 1 1 3 
1 1 1 0 
2 0 2 2 
3 2 0 0 
2 1 0 1 
2 3 2 0 
1 1 1 0 
3 1 1 0 
3 2 0 0 
1 3 1 0 
0 3 0 0 
2 3 2 0 
3 1 1 3 
2 1 0 3 
2 1 0 1 
0 3 0 0 
1 3 3 3 
1 3 3 2 
2 1 0 3 
2 3 2 3 
2 3 2 1 
3 1 1 2 
2 3 2 1 
1 3 1 1 
3 0 3 0 
3 0 3 2 
3 1 3 2 
1 1 1 3 
2 1 1 0 
1 3 3 1 
0 3 0 0 
0 3 0 1 
2 2 2 0 
2 3 2 2 
1 3 1 3 
2 1 1 2 
3 2 0 3 
3 2 0 3 
2 2 2 3 
1 1 1 0 
2 1 0 3 
1 3 1 1 
3 0 3 3 
2 3 3 3 
1 1 1 3 
0 3 0 1 
0 2 3 3 
3 1 1 2 
1 1 1 0 
2 2 2 3 
3 1 3 2 
2 1 1 0 
1 1 1 0 
2 3 3 0 
2 3 2 1 
2 0 2 3 
2 1 0 2 
2 1 1 0 
1 3 1 3 
3 0 3 2 
2 3 3 0 
3 1 3 1 
1 3 1 1 
1 3 3 1 
3 0 3 1 
0 2 3 2 
2 0 2 1 
1 1 0 1 
2 2 2 2 
3 1 3 2 
1 3 1 2 
3 0 3 2 
2 1 0 0 
2 1 0 3 
3 1 3 1 
2 0 2 3 
2 0 2 3 
1 3 1 0 
3 0 3 0 
3 2 0 1 
1 3 3 3 
2 3 2 3 
2 1 1 2 
1 3 1 1 
2 2 2 3 
3 2 0 2 
2 3 2 0 
2 3 3 1 
2 3 3 1 
2 1 0 3 
1 3 1 0 
1 1 0 0 
0 2 3 3 
1 3 3 2 
0 2 3 1 
0 2 3 3 
2 0 2 3 
0 2 3 1 
3 0 3 2 
2 1 1 1 
1 1 1 2 
1 1 1 3 
1 1 1 3 
1 1 1 1 
2 3 3 1 
2 3 2 0 
0 2 3 1 
3 2 0 1 
3 1 1 1 
2 3 3 1 
1 1 1 2 
1 1 1 3 
2 3 2 2 
3 1 1 1 
1 3 1 2 
2 3 3 3 
2 0 2 3 
2 3 2 2 
1 1 1 2 
3 0 3 0 
0 2 3 3 
1 3 1 0 
2 1 0 0 
1 1 0 0 
2 1 0 1 
3 2 0 3 
1 1 1 0 
3 0 3 0 
2 1 0 0 
3 0 3 2 
2 1 0 3 
2 2 2 3 
1 1 0 2 
3 2 0 2 
1 1 1 2 
0 3 0 2 
1 3 3 2 
3 0 3 3 
3 0 3 0 
0 3 0 3 
3 2 0 0 
3 2 0 3 
2 3 3 3 
3 1 1 1 
1 1 1 1 
1 3 1 1 
3 1 1 0 
3 1 1 3 
1 3 1 1 
0 2 3 3 
3 2 0 1 
2 3 3 3 
1 1 1 1 
3 1 3 0 
2 0 2 3 
3 2 0 1 
2 1 1 0 
2 3 3 0 
1 1 1 0 
2 1 0 3 
2 1 1 0 
1 3 1 1 
1 3 3 1 
3 1 3 3 
3 0 3 2 
2 0 2 0 
1 3 1 3 
1 1 1 1 
1 3 3 2 
2 3 2 2 
2 1 0 2 
2 3 3 2 
0 3 0 0 
3 1 1 2 
3 1 3 0 
0 2 3 1 
2 2 2 1 
0 3 0 3 
2 2 2 2 
1 1 0 3 
2 1 1 2 
0 2 3 0 
1 1 1 1 
1 3 3 3 
2 3 3 0 
2 0 2 3 
2 0 2 0 
3 1 3 2 
0 2 3 2 
1 3 1 0 
3 1 1 2 
1 1 1 3 
2 2 2 1 
1 1 0 3 
3 1 3 3 
3 2 0 1 
2 3 2 0 
2 2 2 1 
2 3 3 2 
3 1 1 1 
2 2 2 3 
2 3 2 2 
1 3 1 0 
2 3 2 2 
2 0 2 0 
1 3 1 0 
1 3 1 3 
0 2 3 1 
2 1 1 2 
3 1 3 2 
3 2 0 2 
3 0 3 0 
3 1 1 2 
0 2 3 0 
3 1 3 2 
3 0 3 1 
2 1 1 1 
3 2 0 3 
2 1 0 0 
2 1 1 3 
2 1 0 3 
1 3 3 1 
2 1 0 1 
3 2 0 0 
0 2 3 1 
2 0 2 2 
3 1 1 0 
1 1 0 1 
0 2 3 2 
3 2 0 1 
3 2 0 1 
1 3 1 3 
1 3 1 1 
3 0 3 1 
1 1 1 1 
0 3 0 0 
0 3 0 1 
0 3 0 1 
1 1 0 3 
3 1 1 1 
2 1 0 2 
0 3 0 2 
0 2 3 2 
2 2 2 2 
3 2 0 1 
1 1 1 0 
2 0 2 0 
2 2 2 0 
1 1 1 3 
2 3 2 1 
0 2 3 3 
1 3 3 2 
0 3 0 0 
2 1 1 2 
2 3 3 2 
2 3 2 1 
3 1 3 2 
2 3 2 3 
2 3 3 0 
1 1 1 3 
2 0 2 1 
3 1 1 2 
2 3 3 0 
3 1 3 0 
1 3 3 2 
0 2 3 3 
1 1 1 0 
1 3 3 1 
1 1 0 2 
1 1 1 1 
1 3 3 0 
1 1 0 2 
1 3 3 0 
3 1 1 3 
3 1 1 2 
2 0 2 0 
2 2 2 3 
2 1 1 1 
2 2 2 2 
3 1 3 2 
1 1 0 3 
1 1 1 0 
3 1 1 2 
1 1 0 3 
3 1 1 1 
2 1 1 2 
3 1 3 1 
3 1 1 2 
2 0 2 1 
0 3 0 3 
2 3 2 0 
2 1 1 3 
1 1 1 2 
3 0 3 0 
3 1 1 3 
1 1 0 1 
0 2 3 3 
3 1 3 1 
2 3 3 3 
2 1 0 1 
1 3 3 2 
1 1 1 1 
2 3 3 2 
3 1 3 2 
1 1 1 3 
2 3 3 2 
2 1 1 3 
3 2 0 1 
2 3 2 0 
3 1 3 1 
1 3 1 1 
0 2 3 1 
2 1 1 2 
1 1 1 2 
3 0 3 2 
2 3 2 2 
1 1 0 3 
2 1 0 1 
0 3 0 3 
1 3 3 2 
2 1 0 0 
1 1 0 1 
2 3 3 1 
2 0 2 1 
1 1 1 0 
3 2 0 1 
3 1 3 0 
2 3 2 2 
1 3 1 0 
2 1 0 1 
2 3 2 1 
1 1 0 0 
2 2 2 2 
0 2 3 3 
3 1 1 1 
0 3 0 0 
2 1 1 2 
2 0 2 1 
3 1 1 1 
2 1 0 3 
2 0 2 0 
2 3 2 3 
2 0 2 3 
3 0 3 3 
1 3 1 1 
3 1 3 3 
2 3 2 0 
2 1 0 2 
3 0 3 2 
2 0 2 0 
3 1 3 3 
0 2 3 0 
2 0 2 3 
1 1 0 1 
1 1 1 1 
1 1 0 0 
1 1 1 3 
2 1 0 3 
2 1 1 1 
2 3 3 0 
2 1 1 2 
2 1 1 0 
3 2 0 0 
2 1 1 3 
0 3 0 0 
2 3 3 2 
2 3 3 3 
1 3 1 1 
2 2 2 2 
2 1 0 2 
2 3 2 1 
3 2 0 2 
2 1 1 0 
1 1 0 3 
2 0 2 1 
3 2 0 0 
3 1 1 3 
2 1 1 1 
2 3 3 3 
2 3 2 2 
0 3 0 3 
1 3 1 1 
2 1 0 0 
1 3 3 3 
2 3 2 2 
3 1 3 2 
3 0 3 3 
2 2 2 3 
2 1 0 3 
1 3 1 1 
0 3 0 2 
0 3 0 3 
3 0 3 3 
0 2 3 3 
1 3 1 2 
2 1 1 3 
2 2 2 3 
2 3 3 0 
2 3 3 0 
2 2 2 1 
0 2 3 0 
3 1 3 0 
3 1 3 0 
3 1 1 2 
1 1 0 3 
3 1 3 2 
3 2 0 2 
1 1 0 0 
1 1 0 2 
0 2 3 3 
0 3 0 1 
1 3 3 2 
1 1 0 1 
2 2 2 1 
3 2 0 3 
1 1 0 0 
2 3 3 2 
2 0 2 0 
2 1 0 2 
2 3 2 0 
2 1 1 1 
0 2 3 3 
1 1 1 2 
3 1 1 3 
2 1 0 2 
0 2 3 0 
1 3 3 0 
3 1 1 2 
0 3 0 2 
2 3 3 1 
3 2 0 3 
3 1 1 3 
3 1 3 0 
1 1 0 0 
0 2 3 2 
2 3 2 3 
2 0 2 3 
2 3 3 0 
1 3 3 0 
1 3 1 1 
1 3 1 2 
2 3 2 0 
2 1 0 2 
2 1 0 1 
2 3 2 1 
3 1 1 2 
1 1 0 3 
1 1 0 2 
2 3 3 0 
2 2 2 2 
1 3 3 2 
3 1 3 1 
2 2 2 3 
2 0 2 2 
2 0 2 1 
3 0 3 1 
1 1 0 3 
3 1 3 2 
3 1 3 2 
1 3 1 2 
3 0 3 0 
3 0 3 2 
1 3 1 3 
1 3 1 2 
2 1 1 3 
1 3 1 3 
1 1 1 1 
1 3 3 3 
2 0 2 1 
0 3 0 0 
3 1 1 2 
3 1 1 1 
1 3 3 1 
2 2 2 2 
3 1 1 1 
1 3 3 1 
1 3 1 3 
0 3 0 3 
3 1 1 1 
1 1 0 3 
2 1 0 2 
2 2 2 1 
3 1 3 0 
1 3 3 2 
1 1 1 3 
0 3 0 2 
2 2 2 3 
2 3 2 3 
3 1 3 1 
1 3 3 1 
1 3 3 3 
0 2 3 3 
3 0 3 2 
0 2 3 0 
2 3 3 1 
2 1 1 3 
2 1 0 1 
3 1 3 0 
0 3 0 2 
2 3 3 3 
2 2 2 2 
2 0 2 2 
1 1 0 3 
3 1 1 3 
3 0 3 0 
2 1 1 2 
1 3 3 3 
2 2 2 2 
3 0 3 3 
0 3 0 0 
2 1 1 3 
1 1 0 3 
1 1 0 1 
0 3 0 3 
3 1 3 2 
1 1 0 2 
1 1 1 2 
3 2 0 1 
3 1 1 2 
3 0 3 2 
2 1 0 0 
3 0 3 2 
2 3 3 0 
3 0 3 1 
2 3 2 0 
3 1 1 1 
0 2 3 2 
3 1 1 1 
2 3 3 3 
0 2 3 1 
2 3 2 3 
2 3 2 2 
3 1 1 2 
2 1 0 1 
0 2 3 0 
1 1 0 0 
2 1 0 2 
2 3 3 3 
0 2 3 2 
3 1 1 2 
2 0 2 0 
0 3 0 0 
2 2 2 3 
3 1 1 0 
2 3 2 3 
3 1 1 3 
2 1 0 0 
2 3 3 1 
1 3 3 0 
1 3 3 1 
1 3 3 3 
3 1 1 0 
1 1 0 1 
2 0 2 2 
3 2 0 1 
2 3 3 1 
1 3 1 0 
1 1 0 2 
1 3 1 0 
2 3 3 1 
2 3 3 2 
3 0 3 1 
0 2 3 3 
0 2 3 1 
3 1 1 3 
3 1 3 1 
3 1 1 2 
3 2 0 2 
2 1 1 0 
1 1 0 2 
3 1 3 1 
3 1 1 3 
2 3 2 1 
2 2 2 0 
1 3 1 0 
3 0 3 3 
1 1 0 3 
2 1 0 0 
3 1 3 2 
3 0 3 3 
1 3 1 0 
2 1 1 3 
1 3 1 3 
1 1 1 3 
0 2 3 0 
3 1 1 0 
2 2 2 1 
3 0 3 3 
2 0 2 3 
2 1 0 1 
0 3 0 0 
0 2 3 3 
1 1 1 0 
0 3 0 2 
1 1 0 1 
0 2 3 1 
0 2 3 1 
2 3 3 1 
2 2 2 3 
0 2 3 1 
1 3 3 3 
2 1 0 3 
1 3 1 0 
3 1 3 0 
2 3 2 2 
2 3 3 3 
2 1 0 1 
2 0 2 2 
0 2 3 0 
3 2 0 2 
2 1 1 2 
3 1 1 2 
3 0 3 1 
3 1 1 3 
2 1 0 3 
3 0 3 3 
2 1 1 1 
3 2 0 1 
1 1 0 1 
2 0 2 1 
3 2 0 2 
3 2 0 2 
2 2 2 2 
1 1 0 2 
3 1 3 3 
2 1 1 0 
3 1 1 3 
0 2 3 0 
1 1 1 3 
3 2 0 3 
1 1 0 1 
3 1 1 1 
1 1 0 3 
3 1 3 0 
3 0 3 1 
2 3 3 1 
1 3 1 1 
1 1 0 3 
3 0 3 0 
1 3 3 1 
1 3 3 3 
2 1 0 3 
3 1 1 0 
1 1 0 0 
1 1 1 1 
2 3 2 3 
1 1 0 1 
2 0 2 0 
3 2 0 1 
2 3 3 3 
2 1 0 1 
1 3 1 0 
1 1 0 1 
1 3 3 3 
3 1 3 1 
3 1 1 3 
2 3 2 0 
2 3 3 0 
3 2 0 0 
3 1 1 3 
2 3 2 1 
3 1 1 0 
3 1 3 3 
3 1 1 3 
2 0 2 0 
1 1 1 3 
1 3 1 3 
2 0 2 3 
2 1 1 3 
1 3 3 1 
1 1 1 2 
3 2 0 3 
3 2 0 1 
1 1 1 1 
3 0 3 2 
2 3 2 3 
2 1 0 0 
2 1 0 1 
2 2 2 2 
2 2 2 1 
0 3 0 1 
2 1 0 0 
1 3 1 0 
2 3 2 1 
2 0 2 0 
1 3 1 1 
1 1 1 0 
2 3 3 3 
3 1 1 2 
3 0 3 2 
2 3 2 0 
1 1 0 3 
1 1 1 3 
1 1 0 2 
1 3 3 0 
2 1 1 3 
3 1 1 2 
1 3 1 0 
0 2 3 2 
1 3 1 2 
2 3 3 3 
3 0 3 0 
2 2 2 3 
0 3 0 2 
1 1 0 1 
2 0 2 3 
2 3 2 3 
2 2 2 1 
1 1 0 0 
3 0 3 1 
2 2 2 1 
1 3 3 2 
2 0 2 0 
1 3 3 0 
3 1 3 1 
0 3 0 0 
3 1 3 1 
0 3 0 0 
3 1 3 3 
1 1 1 0 
3 0 3 2 
3 1 1 2 
2 2 2 2 
1 3 1 1 
2 0 2 3 
1 1 1 1 
0 3 0 3 
0 3 0 3 
2 3 2 2 
1 3 3 3 
3 1 3 1 
2 3 2 3 
2 2 2 1 
0 3 0 2 
2 3 2 2 
1 3 3 1 
2 0 2 0 
2 3 2 2 
2 0 2 0 
2 2 2 2 
2 1 0 2 
1 1 0 1 
3 1 3 2 
1 1 0 3 
3 0 3 1 
2 1 1 0 
0 3 0 0 
2 1 1 3 
2 3 3 0 
3 0 3 1 
2 2 2 0 
3 0 3 2 
3 0 3 1 
3 0 3 3 
3 0 3 1 
2 3 3 2 
2 3 2 1 
2 3 2 2 
0 3 0 2 
2 3 2 0 
1 3 1 0 
1 3 3 3 
0 3 0 3 
0 2 3 1 
2 1 0 3 
3 1 1 2 
1 1 1 1 
1 3 1 2 
3 1 3 3 
3 2 0 1 
2 0 2 1 
2 1 0 2 
2 0 2 2 
2 1 1 1 
1 1 1 0 
3 0 3 3 
3 2 0 3 
3 1 1 0 
1 1 1 0 
1 1 0 3 
1 1 0 0 
3 1 3 1 
1 3 3 3 
0 3 0 2 
2 2 2 1 
2 0 2 1 
1 3 1 3 
2 3 2 3 
1 1 1 0 
3 1 3 1 
1 1 1 0 
2 0 2 3 
1 1 0 3 
1 1 0 3 
2 1 0 1 
0 2 3 3 
2 3 3 2 
0 3 0 2 
1 3 1 0 
2 1 1 0 
1 1 1 1 
2 1 1 1 
1 3 1 0 
1 1 1 2 
3 0 3 0 
3 2 0 3 
3 2 0 0 
3 1 1 3 
2 3 3 1 
2 0 2 2 
1 3 1 0 
1 1 0 2 
1 1 0 3 
3 0 3 2 
206
206
124
197
161
219
44
31
166
206
197
31
31
206
16
161
184
222
166
222
44
16
31
124
161
44
219
197
219
169
184
124
189
197
222
184
197
124
31
197
161
184
6
189
166
166
206
103
31
161
222
124
6
6
222
184
103
161
222
219
184
124
184
31
161
62
16
197
166
189
206
184
124
161
44
222
189
206
16
103
44
222
197
166
6
197
189
206
6
31
62
206
222
31
31
206
206
103
103
169
161
169
184
31
184
222
222
222
197
189
189
62
62
124
166
31
206
206
166
44
16
184
62
189
44
103
44
184
219
197
161
161
169
6
44
16
169
6
169
197
161
62
62
222
189
62
16
219
161
197
184
166
16
189
62
124
62
166
6
169
31
197
44
16
219
184
103
169
161
44
184
161
206
222
31
6
189
161
16
206
124
161
169
219
124
6
31
197
124
189
124
44
166
189
161
197
103
169
206
124
166
222
219
189
197
103
206
222
31
189
6
219
44
31
189
166
219
206
31
16
184
166
206
189
189
184
161
161
189
166
166
206
166
16
169
169
103
219
6
161
184
184
62
166
16
6
31
31
62
219
189
16
169
197
219
184
124
206
219
62
103
6
219
197
166
44
189
6
16
169
197
103
16
161
169
124
44
222
62
103
16
169
189
189
103
44
44
16
169
31
161
166
6
16
62
31
166
197
197
189
16
222
124
161
124
124
44
124
169
6
219
219
219
219
197
166
124
31
206
197
219
219
166
206
16
197
44
166
219
169
124
16
189
222
189
31
219
169
189
169
189
62
222
31
219
184
161
169
169
184
31
31
197
206
219
16
206
206
16
124
31
197
219
103
44
31
6
197
219
189
6
16
161
103
169
44
16
219
161
166
189
197
184
206
103
124
62
184
62
222
6
124
219
161
197
44
44
103
124
16
206
219
62
222
103
31
166
62
197
206
62
166
16
166
44
16
16
124
6
103
31
169
206
124
103
169
6
31
189
6
189
161
189
31
124
44
206
222
124
31
31
16
16
169
219
184
184
184
222
206
189
184
124
62
31
219
44
62
219
166
124
161
184
6
197
166
103
166
197
219
44
206
197
103
161
124
219
161
222
219
161
222
161
206
206
44
62
6
62
103
222
219
206
222
206
6
103
206
44
184
166
6
219
169
206
222
124
103
197
189
161
219
197
103
219
197
6
31
166
103
16
124
6
219
169
166
222
189
184
161
189
222
197
44
219
31
103
166
16
189
166
222
62
124
206
184
6
44
206
189
44
166
44
169
16
103
166
189
169
44
103
124
44
222
219
222
219
189
6
197
6
6
31
6
184
197
197
16
62
189
166
31
6
222
44
31
206
6
197
166
184
16
189
161
166
103
169
62
189
16
184
184
169
124
16
6
62
197
197
62
124
103
103
206
222
103
31
222
222
124
184
161
222
62
31
222
197
44
189
166
6
124
219
206
189
124
161
206
184
197
31
206
103
222
124
166
44
197
161
16
16
166
189
189
166
206
222
222
197
62
161
103
62
44
44
169
222
103
103
16
169
169
16
16
6
16
219
161
44
184
206
206
161
62
206
161
16
184
206
222
189
62
103
161
219
184
62
166
103
161
161
124
169
124
197
6
189
103
184
197
62
44
222
206
169
6
161
62
169
184
6
222
222
184
103
222
219
31
206
169
189
169
197
169
166
206
124
206
197
124
166
166
206
189
124
222
189
197
124
206
44
184
62
206
166
206
189
197
161
161
161
206
222
44
31
197
16
222
16
197
197
169
124
124
206
103
206
31
6
222
103
206
166
62
16
169
222
189
103
169
16
6
16
219
124
206
62
169
44
189
184
124
219
184
222
124
124
197
62
124
161
189
16
103
166
197
189
44
124
31
6
206
169
206
189
169
6
31
222
44
31
31
62
222
103
6
206
124
219
31
222
206
222
103
169
197
16
222
169
161
161
189
206
222
219
166
222
44
31
197
189
16
222
161
103
206
166
197
31
206
166
206
103
206
44
219
16
44
6
161
219
31
31
219
169
166
189
189
62
62
184
189
16
166
44
16
219
197
206
169
166
222
219
222
161
6
206
16
124
16
197
169
62
184
222
44
166
62
222
169
62
161
44
161
103
184
103
184
103
219
169
206
62
16
44
219
184
184
166
161
103
166
62
184
166
161
44
166
44
62
189
222
103
222
169
6
184
6
197
169
62
169
169
169
169
197
166
166
184
166
16
161
184
124
189
206
219
16
103
31
44
189
44
6
219
169
31
206
219
222
222
103
161
184
62
44
16
166
219
103
219
44
222
222
189
124
197
184
16
6
219
6
16
219
169
31
31
206
197
44
16
222
222
169
