1024
24  0 3 1 2  46
24  0 2 2 2  118
24  3 3 2 3  150
24  2 0 2 2  155
24  3 2 3 2  46
24  3 3 0 2  91
24  2 0 2 3  40
24  2 2 3 3  253
24  2 1 2 2  46
24  0 2 2 2  251
24  3 0 1 3  28
24  3 3 1 0  168
24  0 1 3 2  130
24  1 3 3 2  80
24  1 3 2 1  30
24  1 1 3 0  183
25  0 2 1 0  161
25  1 3 2 0  107
24  3 1 1 3  29
24  2 3 1 1  9
24  2 1 1 1  181
24  0 3 3 1  54
23  1 2 3 0  111
24  3 1 3 1  94
24  1 2 0 2  25
25  1 1 2 0  133
24  1 2 2 1  149
23  2 1 2 3  63
24  2 0 0 3  177
25  2 1 3 1  19
24  3 0 2 3  136
24  2 2 1 2  236
23  3 2 0 2  170
24  1 3 3 3  144
25  1 2 0 0  203
23  3 2 1 0  247
24  3 1 1 0  84
24  2 2 1 3  240
23  3 3 1 1  219
24  3 1 0 1  233
24  0 0 2 3  248
25  0 3 2 3  254
24  1 1 2 2  239
24  2 0 2 0  227
24  2 2 0 0  117
24  3 1 1 3  187
25  1 0 1 1  66
25  2 3 0 0  197
24  0 2 2 0  122
24  2 0 1 3  39
25  1 2 1 2  206
25  3 1 2 1  225
24  0 0 0 2  209
24  0 2 0 3  87
24  1 2 3 0  167
24  0 2 1 0  240
24  1 2 3 0  183
24  3 3 0 3  127
24  3 0 2 1  212
24  2 1 2 1  68
24  0 2 3 1  194
25  0 0 2 2  107
25  1 0 2 2  195
24  3 1 1 2  22
25  2 1 2 2  100
24  1 2 1 2  35
24  3 1 0 3  96
24  3 2 3 3  242
25  3 3 3 3  24
24  3 2 2 2  164
25  2 3 1 1  201
24  1 3 0 2  72
24  2 2 1 2  33
25  0 2 1 3  193
24  0 3 1 1  169
24  3 3 0 1  21
23  2 1 1 3  103
25  0 0 3 3  235
24  3 1 0 1  229
24  3 3 1 1  178
24  0 2 1 1  167
24  0 0 1 3  133
23  1 3 0 2  221
23  3 0 3 2  0
24  3 0 2 1  191
24  3 1 0 3  45
24  0 1 0 0  60
24  0 0 3 3  175
24  0 2 2 0  18
24  3 2 1 1  65
24  1 2 1 2  103
24  0 2 2 2  214
24  2 2 2 1  173
24  2 0 2 3  11
24  0 0 3 3  202
24  1 2 2 0  19
24  1 3 0 1  218
24  2 0 3 0  248
24  1 1 1 2  106
23  2 0 2 0  235
25  3 3 3 1  52
25  3 3 3 1  226
24  1 3 1 3  12
23  2 1 1 2  164
24  1 2 1 3  102
24  2 2 3 2  12
24  3 1 2 3  168
25  2 0 3 1  248
24  1 1 1 1  198
25  1 2 2 3  182
24  0 3 1 2  71
23  2 3 1 2  222
24  1 1 1 2  164
23  3 2 1 3  16
24  2 0 3 0  203
24  2 0 3 1  2
25  3 0 1 3  186
23  3 0 3 3  97
24  2 2 3 1  147
25  0 0 0 0  251
24  3 1 3 2  199
24  1 3 2 3  99
24  1 2 0 2  255
24  2 3 0 0  177
24  0 0 2 0  186
25  0 3 3 2  11
24  1 0 0 2  200
24  2 2 0 0  240
25  3 0 2 0  140
24  0 3 1 1  64
23  0 0 2 1  60
24  1 0 3 3  68
25  0 1 1 2  11
24  0 0 3 1  203
24  2 2 0 2  99
24  0 0 2 1  125
23  3 3 1 0  122
24  3 0 3 2  137
24  3 2 1 1  166
24  1 1 1 2  99
24  0 0 2 2  30
24  2 3 3 0  85
24  2 1 1 2  136
25  2 0 3 2  115
24  1 2 1 0  78
23  2 1 0 2  248
24  3 2 2 3  10
25  0 1 0 1  13
24  0 0 2 3  189
24  3 0 0 3  12
24  1 3 1 0  9
24  3 0 2 2  54
24  0 3 1 2  210
24  1 0 3 3  0
24  3 0 1 2  59
24  0 2 1 2  3
24  3 1 3 1  145
23  3 0 2 1  57
24  2 2 1 0  87
24  1 3 2 3  65
24  1 3 3 2  77
24  1 2 2 1  121
25  3 2 2 0  95
24  3 1 1 3  100
24  0 1 3 1  48
25  2 2 3 2  72
24  1 0 2 3  45
23  0 2 1 3  38
24  2 1 3 3  80
24  1 3 2 3  12
24  2 3 2 0  124
24  3 3 2 3  243
24  1 3 2 0  58
24  3 3 3 3  125
24  1 1 0 3  197
24  1 0 2 1  43
24  2 0 2 1  61
24  1 3 1 1  29
24  2 1 3 0  131
23  2 0 1 2  213
24  3 1 2 1  144
23  2 2 3 2  58
24  2 2 0 2  126
25  3 1 0 0  231
24  1 1 2 0  60
24  3 2 1 3  132
24  0 1 3 0  71
24  1 3 2 1  201
24  2 3 3 3  46
24  2 0 2 0  71
24  1 0 3 0  60
24  1 1 2 0  74
24  2 0 1 0  20
24  1 0 0 0  164
23  0 0 2 1  44
25  0 2 1 2  75
24  2 1 2 1  228
24  0 1 2 0  178
25  1 1 2 2  19
25  3 3 3 3  188
24  0 2 3 3  79
24  1 2 3 1  125
23  0 2 0 2  56
24  0 1 2 1  159
24  3 3 1 0  222
23  1 0 3 3  247
25  1 2 3 1  93
23  0 2 1 0  171
24  0 1 2 2  231
24  3 1 2 3  23
24  1 1 1 1  212
23  1 2 3 0  4
24  2 3 2 2  245
24  0 3 1 2  129
24  2 1 0 1  213
23  1 1 2 3  208
24  1 2 2 1  159
24  2 1 0 3  129
24  1 0 3 0  46
23  0 1 3 2  62
25  2 0 1 2  171
24  1 1 2 0  208
24  3 1 2 3  65
24  2 0 3 3  169
24  2 0 0 0  84
24  0 0 0 3  199
24  2 1 0 0  86
24  1 2 2 0  122
24  3 3 1 2  23
24  2 1 1 0  209
25  2 1 2 3  109
24  0 1 2 1  160
24  2 3 3 1  125
24  0 3 0 3  59
24  3 2 2 3  220
24  0 2 1 1  6
24  3 2 1 0  120
24  1 0 2 0  44
25  2 3 2 3  166
24  2 2 1 1  220
24  3 1 0 3  149
24  0 0 3 0  182
24  3 2 3 2  191
24  0 2 2 3  236
25  2 0 1 3  210
25  3 3 0 2  5
25  1 2 2 3  245
24  2 2 3 0  27
24  1 1 2 2  22
24  3 0 2 3  168
24  0 3 1 2  116
24  3 0 3 3  8
24  1 0 0 0  68
24  0 2 2 2  3
24  3 2 2 0  237
24  2 0 0 2  200
24  3 3 3 0  244
24  3 0 3 0  223
24  3 0 0 2  91
24  0 1 1 2  200
25  0 3 3 2  198
24  3 2 1 1  16
24  1 1 3 0  106
24  3 3 1 2  196
25  1 2 0 2  92
25  1 2 3 1  77
23  1 0 2 3  145
24  1 0 3 0  176
24  2 3 1 0  113
24  0 0 1 1  141
24  0 3 3 0  196
25  1 0 1 2  106
23  1 2 3 2  124
25  2 0 3 3  21
23  0 3 3 2  135
24  3 3 1 0  232
24  1 0 1 2  7
24  0 3 1 3  70
24  3 2 1 2  254
24  2 2 0 3  197
24  3 1 0 1  178
24  2 1 2 1  115
24  3 3 1 0  133
24  1 2 0 0  190
24  1 2 0 2  244
24  3 1 3 2  130
24  1 0 0 3  36
23  2 3 3 2  229
24  2 3 1 3  147
24  1 2 0 2  154
24  3 0 0 3  186
24  1 0 3 1  208
24  2 0 3 0  226
24  1 2 3 1  193
23  1 1 1 0  76
24  3 3 1 3  107
24  2 0 3 3  218
24  1 2 0 0  79
24  2 0 1 1  129
24  0 3 1 2  192
24  1 1 0 3  126
24  2 1 3 0  45
24  2 2 2 3  252
24  0 3 1 1  49
24  0 1 0 3  163
24  1 0 3 0  249
24  1 2 0 3  93
23  0 2 3 0  132
24  3 2 3 2  240
24  2 2 2 0  152
24  0 3 2 1  56
25  1 0 2 1  132
25  2 1 2 3  84
24  2 0 2 1  3
24  0 3 0 1  16
24  1 3 2 3  199
24  3 3 3 2  85
24  0 3 3 1  41
24  1 3 2 1  142
25  2 1 3 0  102
25  3 3 0 0  112
24  2 3 3 1  95
24  2 2 2 3  199
25  1 2 1 1  227
25  1 2 1 2  129
23  1 1 1 1  104
24  0 1 1 2  194
24  3 2 1 2  237
24  3 3 2 1  91
24  0 3 3 2  229
25  0 3 1 1  209
24  2 1 2 2  156
24  0 0 3 3  45
24  3 0 2 0  219
24  0 1 2 1  13
24  1 0 3 3  215
25  0 0 0 3  25
23  1 1 0 1  102
25  3 0 0 3  100
24  2 1 1 3  6
24  1 0 1 2  185
25  3 0 2 1  120
24  0 3 1 2  123
25  3 2 3 3  40
23  3 1 3 0  204
24  3 3 3 3  41
23  3 2 2 3  42
24  2 1 3 1  40
24  1 0 0 3  159
24  2 2 1 1  176
25  1 2 2 1  42
24  2 2 1 2  78
24  2 0 1 0  218
24  0 2 3 1  43
24  3 3 2 1  159
24  0 1 0 0  130
24  1 2 1 3  222
24  2 3 3 1  42
24  2 2 2 3  35
24  1 3 2 2  151
24  2 3 2 3  217
25  1 0 2 2  16
24  3 1 2 1  56
25  1 2 0 0  205
24  1 2 0 3  137
24  0 0 3 0  247
24  1 0 2 2  65
24  0 2 0 3  162
24  1 0 2 2  67
24  3 2 2 2  200
24  1 2 0 1  22
24  1 1 2 1  194
24  0 1 2 3  152
23  0 2 0 0  233
24  0 3 1 0  143
24  2 1 3 1  229
24  1 2 1 0  130
25  0 2 3 1  124
24  0 0 2 1  111
24  0 1 2 1  167
24  3 0 0 1  69
24  2 1 1 2  24
24  2 0 2 0  67
25  3 2 3 1  185
23  1 1 3 1  224
24  1 1 3 3  101
24  1 3 2 2  171
23  1 3 2 2  173
24  2 1 0 1  192
23  0 1 2 2  180
24  2 1 3 1  8
23  3 3 3 0  40
24  2 0 1 3  218
24  2 0 2 1  39
25  0 2 0 1  56
24  3 3 1 3  79
24  0 1 1 3  236
24  0 2 3 3  12
24  3 0 1 1  220
24  1 3 2 2  130
24  1 2 0 1  178
24  3 1 1 0  145
23  3 0 0 2  44
24  2 3 1 3  219
24  3 1 1 2  219
23  2 1 1 2  91
24  0 0 3 0  16
24  3 1 1 2  61
24  3 0 1 0  119
24  3 0 3 0  25
24  1 2 3 1  222
24  0 2 1 1  199
24  3 2 1 3  40
24  0 0 3 2  174
23  0 0 2 0  160
25  1 0 0 0  118
25  3 0 1 2  23
24  2 1 1 2  116
24  1 0 3 3  196
23  1 2 0 1  43
24  3 0 2 1  212
25  1 0 1 0  110
23  2 1 0 1  46
25  0 1 0 1  149
23  3 2 3 1  17
24  0 1 2 0  215
25  2 3 0 1  34
23  1 0 3 1  47
24  2 0 1 3  65
24  3 3 2 2  187
25  3 3 1 0  187
24  1 3 1 0  88
24  1 0 3 3  3
24  2 3 2 0  13
24  0 0 1 0  179
24  1 0 1 2  171
24  0 0 2 0  190
24  2 3 3 2  15
23  1 1 1 1  135
24  2 0 3 3  255
25  3 1 3 3  103
24  3 0 1 0  8
24  3 2 1 0  138
25  2 2 3 0  239
23  2 0 3 1  41
24  3 3 2 2  0
24  0 3 2 1  51
24  2 0 2 3  181
24  0 1 2 3  121
24  3 1 1 1  168
24  2 0 2 2  197
23  2 0 3 1  25
24  1 3 0 0  68
24  1 3 3 3  167
24  1 0 3 0  157
23  2 0 0 3  80
24  2 0 1 0  14
24  2 2 3 1  234
24  0 2 3 2  105
24  2 2 2 0  246
24  2 1 2 3  1
24  2 1 1 3  230
24  1 3 0 2  65
24  3 2 2 2  106
24  0 3 0 3  62
24  2 3 2 0  198
24  2 0 0 2  102
24  2 1 1 1  163
24  1 0 1 3  80
24  0 3 1 3  226
25  0 3 0 1  184
25  3 3 1 0  218
24  2 1 2 2  108
24  0 2 2 1  201
24  2 0 3 1  131
24  3 0 3 1  55
24  2 2 0 2  218
24  1 0 2 3  57
24  1 3 1 2  114
25  1 3 3 0  161
25  3 3 1 3  244
23  2 1 2 1  10
24  2 2 3 2  254
24  2 2 0 3  181
24  2 1 2 0  111
24  1 1 1 2  136
24  0 1 0 3  152
24  3 3 3 2  36
25  1 2 0 1  162
24  0 0 0 1  31
24  2 1 1 1  32
24  3 2 2 3  40
24  2 3 2 3  136
24  0 1 2 0  157
24  0 1 3 0  122
24  2 0 0 1  79
23  3 1 3 1  80
24  0 1 0 3  245
24  1 1 2 2  231
25  2 2 2 2  62
24  0 0 3 2  140
24  2 3 1 0  83
24  2 1 2 3  59
24  3 0 3 0  236
24  2 2 3 1  58
24  0 2 3 2  141
24  3 1 1 0  162
24  2 3 2 2  5
24  0 1 0 2  232
24  3 2 0 0  123
24  1 2 1 0  175
24  0 1 2 3  48
24  1 2 3 1  162
24  2 3 3 2  73
24  1 3 2 2  251
24  0 3 2 2  9
24  2 3 2 2  167
24  1 1 3 3  6
24  0 0 1 3  234
24  2 3 3 0  5
24  3 0 2 0  192
24  3 3 3 1  81
23  0 1 2 1  53
24  2 1 3 1  83
24  0 1 3 1  215
25  0 1 2 3  1
24  3 1 0 1  12
24  2 1 1 2  190
24  0 3 2 0  118
23  2 1 3 1  237
24  1 3 3 2  83
25  3 2 2 3  59
24  0 3 0 3  149
25  3 1 2 1  197
24  2 3 2 2  115
25  3 3 1 3  57
24  2 3 1 2  28
25  3 3 1 3  108
24  3 2 1 1  249
24  3 1 1 3  68
25  1 3 0 0  189
24  0 2 1 1  252
24  0 1 2 3  188
24  3 1 0 0  2
25  0 0 1 0  240
24  3 3 3 2  241
24  1 0 2 2  209
25  0 0 1 2  34
24  0 0 1 3  192
24  0 3 1 1  133
24  3 2 0 1  90
25  2 2 0 1  142
24  0 0 1 1  176
24  0 1 1 1  41
24  3 1 0 0  4
24  0 1 0 2  179
24  3 1 1 3  67
25  2 0 2 0  44
24  1 1 0 2  25
24  1 1 0 0  243
25  0 1 2 1  32
24  3 0 2 2  112
24  2 1 3 2  55
24  1 1 2 2  53
24  3 3 1 3  215
24  3 3 1 2  80
24  1 0 2 3  163
24  1 3 3 3  140
24  0 1 3 0  75
24  2 1 0 0  150
24  0 2 0 0  70
24  2 1 0 1  12
24  1 3 3 3  180
24  1 1 1 1  161
24  0 2 1 3  58
24  0 3 2 2  178
24  1 1 3 3  73
25  1 0 3 0  157
25  2 0 3 3  8
24  3 2 3 1  122
23  1 0 2 3  131
25  3 2 1 2  149
24  3 1 0 1  29
24  2 2 0 1  185
24  3 3 2 3  190
25  0 0 0 0  197
24  3 1 3 2  0
24  0 3 1 1  241
24  1 2 2 0  220
24  1 0 3 0  29
23  3 2 1 3  250
23  2 1 3 0  54
24  2 0 3 0  144
24  1 2 1 2  135
23  0 3 0 3  26
23  0 0 0 1  140
24  3 0 1 2  254
24  0 1 0 2  123
23  3 3 1 0  252
24  3 0 0 3  197
25  1 1 3 0  203
25  2 1 2 3  2
23  2 0 1 1  175
25  0 0 3 3  79
24  0 0 2 0  251
24  2 3 3 2  206
25  2 0 3 3  172
25  0 0 2 3  73
24  1 3 3 0  55
24  0 2 3 0  158
24  0 0 3 1  109
24  1 1 3 3  14
24  1 2 0 0  89
23  3 0 0 1  37
25  0 3 2 0  154
24  0 2 3 0  86
24  0 2 2 3  52
25  2 3 0 2  85
24  2 0 1 3  235
24  2 0 0 2  165
24  2 1 3 3  104
24  1 3 2 0  208
25  2 0 1 2  62
23  3 3 0 0  189
24  2 2 2 3  154
24  3 3 0 2  173
24  0 2 3 3  222
24  0 2 2 2  95
24  2 3 0 0  111
23  3 2 2 0  187
24  1 3 1 2  49
24  3 0 3 2  145
23  2 3 1 1  27
24  3 1 2 3  250
24  1 3 3 0  168
25  2 1 0 2  189
24  1 2 3 0  131
24  1 0 2 1  38
24  2 3 0 3  176
24  2 0 2 1  51
24  1 3 1 3  162
24  1 0 3 2  80
24  2 3 0 3  247
24  1 2 3 0  5
24  2 1 3 1  74
24  1 0 2 0  150
25  3 0 2 2  253
24  3 3 2 2  26
24  2 2 3 1  23
24  0 0 0 3  87
24  3 3 0 3  90
25  2 2 1 2  56
24  3 2 0 2  216
23  2 2 2 2  199
25  3 3 3 3  152
24  3 2 3 0  160
24  0 0 2 0  19
24  0 1 3 3  237
23  2 0 3 2  66
24  3 0 3 0  195
24  1 3 0 1  196
25  0 0 3 2  105
24  2 2 0 1  119
24  1 1 2 0  185
24  2 3 3 1  21
24  0 0 3 3  228
24  3 0 1 2  249
24  3 0 3 1  66
25  3 0 3 1  169
23  2 1 3 0  68
24  3 0 1 2  26
23  2 3 2 2  178
24  3 3 2 3  63
24  0 2 1 2  37
24  3 1 1 1  11
24  2 3 1 1  148
23  0 2 3 3  15
24  3 1 2 1  65
25  1 0 0 1  12
24  1 3 2 2  135
25  2 2 1 0  112
24  1 2 0 1  1
24  2 2 0 1  67
24  0 3 0 3  12
24  0 3 0 1  107
24  0 2 1 2  55
25  2 3 3 2  197
24  2 3 0 0  13
24  3 2 2 3  187
25  2 2 1 1  182
24  1 0 3 1  96
24  2 3 1 1  237
24  1 1 1 0  225
24  1 2 0 1  2
24  0 0 2 3  165
24  1 2 0 3  180
24  2 2 2 1  7
24  1 2 3 0  197
24  3 0 3 3  94
24  2 3 2 0  98
24  3 3 0 0  130
24  2 3 1 2  119
24  2 0 0 3  162
24  1 0 2 1  90
24  0 0 3 2  254
24  0 2 1 3  20
23  1 1 3 1  48
25  1 0 2 2  5
23  1 2 3 2  78
25  3 2 1 0  166
24  3 0 2 3  112
24  1 0 1 1  116
24  2 1 0 0  202
24  3 2 0 2  71
24  0 1 1 3  90
24  3 0 0 2  185
24  3 1 2 1  8
24  1 2 0 0  149
24  2 0 2 1  194
24  2 2 0 3  45
25  1 3 0 0  75
25  0 2 0 1  179
24  3 3 0 0  113
24  1 0 2 3  53
23  1 2 0 3  197
24  1 2 1 2  138
24  3 2 0 1  99
24  1 0 1 1  92
25  2 1 2 0  108
24  2 1 1 3  193
24  2 3 2 2  197
25  3 3 1 0  253
24  1 1 2 3  136
25  0 1 3 1  52
25  2 2 0 0  89
24  3 2 1 3  45
24  0 3 3 2  143
24  0 3 0 1  148
23  2 0 2 1  77
24  3 2 2 3  70
24  3 1 2 2  254
24  2 2 1 1  204
23  0 2 3 2  210
24  0 1 3 1  140
24  0 2 3 1  1
24  3 0 2 1  100
24  0 3 2 3  110
24  0 1 0 1  166
25  1 0 2 0  110
24  1 2 2 0  219
24  2 3 0 3  252
24  0 2 3 3  88
24  0 3 1 3  104
24  1 1 1 0  133
23  2 2 2 2  241
24  2 0 2 2  162
24  2 0 1 1  4
24  0 1 3 3  214
24  2 0 3 1  129
25  2 1 2 3  84
25  1 1 3 3  196
24  3 2 1 0  30
23  1 1 0 1  239
24  2 3 3 2  255
24  1 0 2 2  116
24  0 0 0 0  226
24  3 0 3 0  92
24  1 2 2 2  130
24  3 1 0 2  148
24  3 0 2 2  208
24  0 3 3 2  107
25  1 1 1 2  219
25  0 2 2 1  113
24  3 0 0 1  177
24  2 2 1 2  192
24  1 0 3 0  202
24  2 0 1 0  114
24  0 3 2 3  6
24  3 2 0 1  65
24  0 1 3 0  188
24  0 0 1 1  76
24  0 3 2 1  55
24  3 2 2 3  56
24  2 1 0 1  100
23  3 3 1 2  197
24  0 2 2 1  250
24  1 1 1 3  197
24  3 2 1 2  244
25  2 1 3 1  160
25  3 3 0 2  136
25  1 0 2 1  61
24  1 0 2 0  117
24  0 2 3 2  87
24  0 2 0 3  21
25  3 2 3 2  207
24  1 2 0 3  47
23  0 1 0 1  78
24  2 2 3 3  218
24  2 1 0 3  26
24  3 1 0 2  167
24  0 2 1 3  50
23  3 1 2 1  20
24  2 3 2 1  182
25  1 0 3 0  119
24  3 3 2 0  95
24  3 0 3 1  18
24  3 1 1 1  159
23  1 3 0 3  159
25  2 1 3 1  191
23  2 2 2 3  108
24  0 3 3 3  199
24  2 2 2 3  178
24  3 3 1 2  230
24  0 3 3 0  67
24  3 1 3 3  68
24  3 1 2 1  41
24  2 3 3 0  47
24  3 2 0 2  75
24  3 2 1 2  205
23  0 2 3 1  237
24  1 0 1 3  58
24  3 0 0 0  180
24  3 2 0 2  188
24  3 3 3 1  171
23  1 3 0 2  175
25  2 1 1 3  6
24  2 2 2 0  6
24  2 3 0 2  104
24  3 2 1 2  139
24  0 3 3 2  0
24  1 1 2 2  6
24  0 1 1 3  239
24  0 2 0 0  35
25  0 1 1 0  119
23  2 2 3 1  242
24  3 0 2 3  5
25  0 3 1 3  159
24  0 0 0 0  15
24  0 0 3 0  84
24  0 1 2 1  34
24  3 3 1 3  89
24  2 1 2 2  109
24  1 3 1 1  95
24  1 2 1 3  227
24  0 0 3 3  25
23  1 1 0 3  78
23  2 3 3 2  166
25  2 3 1 2  38
24  1 1 1 2  81
24  1 0 3 1  239
24  2 2 2 3  54
24  0 1 1 3  141
23  0 3 3 0  6
25  0 2 1 1  254
25  1 3 1 1  16
24  3 1 1 0  16
24  2 0 2 0  246
24  1 1 0 1  33
23  1 0 1 3  64
25  1 1 2 2  110
23  1 3 0 0  62
23  3 0 2 2  40
24  3 2 1 2  170
24  1 2 1 3  15
25  3 2 0 1  31
24  2 3 2 1  90
25  1 1 0 1  222
24  2 0 0 3  149
24  2 3 0 0  69
25  1 1 3 0  187
24  2 2 1 1  179
25  0 1 2 3  123
24  0 3 0 1  131
24  0 1 3 3  56
24  0 2 2 0  126
24  3 2 1 1  218
23  1 0 0 3  80
23  0 1 3 0  60
25  2 3 0 3  4
24  0 3 2 1  199
25  0 1 2 1  116
24  1 0 2 3  60
24  2 0 1 0  69
24  2 0 0 3  84
25  1 2 2 0  103
24  2 1 0 1  2
25  1 2 0 1  109
24  0 1 2 3  29
24  3 2 0 3  67
24  0 2 2 3  152
25  1 3 2 0  12
24  0 1 0 3  217
24  0 0 1 0  38
24  3 1 1 3  110
25  2 0 0 3  145
24  3 2 3 2  2
25  3 0 0 3  235
24  1 1 3 3  0
25  1 0 3 0  140
24  3 1 3 3  15
24  3 3 2 1  53
25  1 1 2 1  28
24  3 1 0 0  10
24  1 2 2 1  73
23  0 2 0 0  50
24  0 3 1 1  88
25  1 2 2 3  152
24  1 2 2 1  249
24  3 0 2 3  22
24  0 2 1 1  83
24  0 3 0 1  175
24  2 3 3 1  77
23  1 0 3 0  15
24  0 2 0 2  206
24  3 3 3 2  136
24  1 2 2 1  51
24  2 0 1 3  6
24  2 3 2 0  220
25  3 3 0 1  106
23  3 0 2 3  135
24  0 3 3 2  91
24  1 0 2 0  189
25  0 1 1 0  49
25  0 1 2 3  96
23  3 2 1 2  149
23  3 1 2 1  220
24  3 1 1 0  74
23  0 3 1 2  168
24  1 3 1 1  78
24  2 0 3 2  136
25  2 1 2 2  138
25  0 3 3 1  53
24  0 3 2 2  209
24  3 1 3 2  16
24  2 3 0 3  20
25  3 0 2 0  155
25  2 0 3 2  170
24  2 3 3 2  95
23  1 0 0 2  102
24  2 0 2 0  85
25  3 3 2 1  246
25  2 0 0 0  130
24  2 0 2 0  36
24  1 1 1 3  237
24  3 3 1 3  153
24  0 1 1 3  202
24  0 1 1 2  114
24  1 1 3 3  246
25  0 1 3 2  69
24  3 0 2 3  103
24  3 2 0 2  211
23  2 0 2 2  5
24  0 3 0 2  170
24  2 1 1 0  241
24  2 3 2 2  18
24  0 3 3 0  118
23  0 2 0 2  153
25  3 0 2 0  92
24  0 3 2 3  133
23  2 1 3 3  156
25  0 2 2 0  81
24  3 1 1 3  214
24  1 1 3 2  195
25  0 2 2 1  4
23  0 3 1 1  208
24  2 1 3 1  193
25  2 1 2 0  127
24  3 0 3 0  198
25  1 2 1 3  204
24  3 1 1 2  55
24  3 1 1 2  68
23  3 3 0 3  216
24  2 2 1 1  63
24  1 2 3 2  208
24  1 2 1 2  198
23  3 1 0 3  205
23  3 0 1 1  216
25  2 2 1 1  57
23  0 2 2 0  98
24  1 3 0 1  54
24  3 3 0 2  182
24  2 3 1 1  101
24  1 2 2 2  179
24  2 2 1 3  93
24  0 2 1 2  48
24  0 0 3 0  130
25  3 1 1 3  206
24  2 1 0 2  18
24  3 0 0 0  24
24  0 0 2 0  33
24  0 0 1 1  243
24  3 0 3 3  151
23  0 3 2 2  134
25  0 2 0 2  162
24  3 0 0 3  0
24  1 0 2 2  55
25  3 3 0 2  111
25  3 0 2 3  173
24  3 0 1 1  220
24  0 3 2 0  58
24  3 3 1 1  6
23  0 1 2 0  52
24  0 1 3 1  201
24  0 2 3 3  108
24  1 1 3 3  249
25  0 1 1 2  182
25  3 2 1 0  85
24  2 2 2 0  164
25  3 1 0 0  179
24  3 2 2 2  61
24  1 3 1 1  38
25  3 3 2 1  45
24  2 2 1 2  99
24  2 1 0 0  164
24  2 0 2 2  76
25  1 0 0 1  70
24  3 0 2 1  7
24  3 1 1 1  126
24  0 0 2 1  204
25  3 1 2 1  212
24  2 2 0 3  36
25  3 2 2 3  240
24  2 3 0 1  241
24  1 0 2 1  8
