512
29  12 8 11 5 6 14 7 7 12 14 14 10 6 2 0 11  143
3  15 6 15 7 10 0 6 10 11 1 2 11 10 15 14 14  188
38  7 15 12 2 11 6 3 14 0 6 7 8 15 15 14 10  27
4  13 14 2 6 1 10 14 14 9 6 8 10 14 14 11 15  112
36  0 13 15 12 11 1 3 11 1 4 8 10 5 0 9 3  78
3  7 15 5 11 7 6 0 0 6 5 7 2 9 14 0 8  229
26  11 8 7 9 12 4 2 9 0 1 3 4 13 3 2 4  107
22  7 3 9 5 7 13 14 11 10 7 13 9 9 8 4 14  137
38  1 5 15 11 0 11 15 5 6 14 5 14 3 0 15 0  8
12  5 11 5 14 6 1 13 6 0 14 9 8 12 5 5 10  116
6  11 1 1 10 10 5 5 0 2 1 2 3 15 7 5 2  32
1  3 1 3 1 14 13 15 9 3 11 13 7 4 10 3 8  141
56  14 14 5 14 12 12 3 14 4 14 10 6 2 5 3 11  211
17  5 11 9 6 4 12 11 0 3 14 13 4 7 15 7 11  89
62  4 4 7 6 10 2 9 11 0 0 11 3 1 5 11 12  188
36  1 12 5 9 6 5 12 8 2 7 8 2 6 0 15 14  99
63  4 8 5 5 14 6 15 12 1 6 4 2 12 3 15 14  238
39  0 4 5 8 4 3 5 5 15 11 1 13 9 12 9 5  66
10  0 10 3 12 8 5 3 3 12 10 2 8 10 11 6 14  140
26  15 7 2 10 9 2 13 6 14 2 10 11 5 10 9 1  75
54  8 8 12 2 1 13 14 12 14 12 11 7 4 15 9 6  3
5  7 10 8 12 6 5 12 0 1 13 13 14 11 12 7 2  212
36  15 0 7 15 12 13 3 4 2 13 4 6 12 6 13 6  229
5  5 9 4 6 11 5 2 6 7 4 8 6 14 11 9 6  33
37  10 2 3 8 10 7 5 9 2 6 0 10 10 1 14 2  100
4  6 5 10 13 2 3 15 10 15 13 4 3 0 1 10 15  238
56  15 2 0 3 7 7 3 11 8 8 7 3 2 10 6 4  105
6  2 11 1 1 9 13 4 13 7 8 2 8 9 5 6 2  153
43  1 13 11 12 6 13 3 1 1 14 0 3 5 5 9 1  80
32  3 0 13 5 12 14 5 1 7 7 3 10 4 0 3 11  235
34  6 3 5 0 5 5 8 8 15 15 13 9 2 7 15 8  66
2  1 7 8 14 12 0 9 15 5 10 1 7 8 14 13 14  131
53  3 2 0 6 14 7 0 6 9 15 1 11 7 5 12 7  45
52  13 4 13 4 0 12 0 4 4 8 15 3 15 0 13 8  222
51  4 2 7 13 11 10 13 13 1 4 15 1 10 5 14 7  99
31  8 10 2 6 6 2 15 6 14 10 9 13 6 14 6 4  6
4  11 12 8 0 4 3 15 10 1 6 1 14 14 0 3 8  205
2  15 0 1 10 4 4 10 4 11 0 8 0 1 9 13 9  214
43  4 6 0 6 8 11 12 12 3 15 3 9 4 9 5 7  203
4  5 2 4 1 1 11 13 11 12 6 6 5 9 14 4 0  230
42  2 9 3 6 5 15 14 2 11 2 12 10 15 7 5 10  171
41  13 4 10 8 11 13 8 4 8 1 9 5 5 6 3 2  25
63  10 3 6 7 6 0 7 13 2 7 8 14 3 13 2 14  195
28  1 1 9 10 4 6 7 10 1 3 0 11 2 10 4 15  192
12  9 7 10 4 7 9 2 4 0 3 4 13 11 10 4 7  44
44  3 1 1 2 14 2 11 9 3 13 7 8 0 4 8 11  106
21  3 1 7 14 7 0 8 5 7 6 7 3 5 11 9 6  28
19  15 8 10 14 15 12 8 1 10 4 8 0 10 0 10 2  74
33  11 7 2 11 10 6 13 8 8 14 8 9 12 14 10 8  224
49  11 10 11 0 2 0 12 10 14 12 15 1 1 0 0 12  68
3  9 12 11 11 9 8 7 15 4 9 1 8 1 1 10 11  116
23  12 12 7 13 11 12 7 2 14 0 10 3 5 14 8 12  150
50  13 14 7 11 9 8 10 10 1 7 0 3 6 9 11 11  191
63  5 5 6 7 6 5 13 1 6 3 11 11 0 12 6 2  30
19  14 14 7 3 4 5 2 7 6 13 5 2 8 15 14 10  112
24  14 3 13 8 13 6 5 12 14 0 10 9 0 6 8 15  77
24  14 14 3 10 7 5 12 5 4 5 13 15 8 4 8 14  111
62  13 10 11 4 4 3 12 7 0 13 11 1 0 9 4 8  167
1  14 6 6 8 9 4 3 9 2 2 9 9 5 4 11 3  0
8  6 7 0 1 2 11 11 5 4 14 9 6 3 13 15 3  245
64  9 1 6 11 4 6 5 9 5 1 10 6 9 8 7 1  122
58  11 2 11 1 13 11 1 11 11 6 13 1 14 13 10 14  9
58  0 4 15 2 2 8 15 6 10 11 13 5 15 4 14 8  160
26  15 1 0 13 2 14 14 3 6 8 15 0 1 8 10 15  45
41  0 14 13 7 6 5 11 6 1 7 15 0 13 1 13 7  154
32  12 9 3 14 15 2 12 12 1 10 7 11 2 15 3 5  40
30  3 10 4 10 6 4 3 15 7 11 13 0 3 5 13 12  147
6  13 15 5 4 14 5 11 13 1 10 0 2 5 13 2 13  237
36  1 1 13 7 2 14 1 15 0 3 10 10 0 13 6 5  239
63  11 13 10 9 0 14 10 10 7 10 10 2 11 6 6 0  226
63  2 12 15 9 4 12 7 7 15 9 13 6 12 12 12 4  39
3  1 15 4 15 3 8 13 15 0 7 9 7 5 7 10 9  201
19  2 6 7 7 3 14 6 7 2 4 6 0 7 13 9 1  68
8  12 12 15 5 1 9 14 8 10 7 14 10 4 13 0 4  78
32  1 0 4 12 4 8 12 4 14 13 12 7 13 4 6 9  246
12  2 1 10 9 6 1 4 3 4 0 1 10 0 2 13 2  45
42  6 14 3 5 15 7 15 7 3 12 6 3 4 2 7 3  79
13  13 9 14 7 13 13 10 12 2 4 10 8 3 1 12 9  254
54  15 14 3 3 11 1 0 14 14 1 4 3 3 7 1 3  33
27  3 9 13 14 8 10 13 8 11 10 11 12 1 10 2 7  159
48  7 9 6 15 7 10 13 5 9 13 9 4 0 1 10 7  240
5  5 7 10 3 10 6 5 13 1 8 11 5 6 1 13 6  62
42  4 1 5 12 5 1 6 15 0 0 6 13 6 2 13 15  148
48  2 9 0 15 1 1 15 13 12 11 0 14 12 0 9 11  2
63  12 9 14 8 5 10 11 13 3 13 5 6 0 0 8 9  111
6  6 11 1 3 4 2 4 3 3 9 9 11 6 12 0 8  84
20  2 4 12 12 11 7 0 1 2 9 0 8 6 5 3 9  70
11  4 10 13 11 7 7 9 6 7 13 7 2 13 5 12 1  207
63  2 5 2 3 13 15 13 12 9 2 13 0 2 6 14 7  191
10  13 14 12 0 7 4 3 11 12 1 7 6 6 7 12 11  192
1  6 5 5 6 12 0 7 2 9 12 8 13 15 1 8 2  120
45  11 4 10 7 6 11 6 6 6 10 14 13 13 12 0 0  91
46  4 3 5 5 14 0 4 15 0 6 12 8 15 14 7 2  191
42  14 8 14 6 3 12 11 0 14 12 1 3 2 4 3 15  123
45  6 5 7 2 5 14 14 3 5 11 15 2 6 7 8 11  243
26  1 1 6 6 6 3 11 3 0 14 15 8 15 12 4 15  21
27  4 12 1 7 0 7 7 8 4 4 9 8 8 4 4 13  117
37  10 6 2 3 7 0 11 2 2 8 13 4 2 10 0 4  58
9  1 5 3 7 11 4 4 4 2 11 0 3 12 15 13 7  75
25  12 14 11 1 10 4 5 5 2 8 14 10 12 11 15 10  198
37  1 11 14 1 5 0 9 9 13 9 3 12 10 6 3 11  83
26  10 4 15 8 9 6 0 2 12 3 12 9 6 3 9 13  170
54  4 10 3 1 13 8 1 8 3 0 0 13 8 14 7 13  32
50  10 9 12 0 13 5 13 7 5 8 7 15 12 4 4 11  209
1  1 14 10 0 9 10 7 6 12 4 4 2 12 3 11 5  116
9  3 3 6 7 9 7 15 3 9 0 8 7 9 9 12 1  178
8  1 9 12 11 5 15 6 7 7 3 14 13 14 14 3 3  90
47  4 3 5 14 4 15 5 4 13 2 2 3 14 1 14 1  115
49  6 3 15 1 4 5 9 7 13 6 0 8 14 15 11 1  222
21  2 4 15 3 3 13 7 10 2 2 6 5 0 8 3 4  182
3  7 11 14 5 5 4 14 7 5 15 3 5 12 9 6 4  106
27  13 15 15 8 0 15 10 10 6 9 0 7 13 0 6 12  2
13  11 12 2 3 4 1 14 3 5 1 4 1 9 13 0 12  191
4  15 11 1 3 11 5 1 14 8 15 3 10 9 15 1 2  208
33  15 10 1 14 12 1 1 1 1 15 0 7 9 14 0 10  141
6  1 0 11 14 11 1 2 9 7 4 13 10 11 2 10 14  47
61  5 11 0 7 5 5 1 5 3 12 9 0 3 3 14 0  177
61  11 12 9 14 0 13 2 8 7 13 8 0 14 15 4 4  22
9  11 2 7 10 0 3 14 2 6 2 4 8 6 10 12 3  10
62  8 15 4 1 8 6 13 4 1 11 14 1 6 7 4 11  70
59  4 6 1 3 11 5 8 11 0 13 0 11 9 9 3 14  247
8  3 0 15 15 11 6 5 4 5 8 7 3 1 9 3 9  217
24  6 1 14 14 3 10 13 7 12 6 4 13 15 15 12 0  112
22  2 2 15 3 5 15 6 15 14 10 2 15 7 3 11 9  106
22  1 3 7 11 5 10 1 2 1 14 5 9 5 9 8 5  191
17  13 1 6 2 0 3 3 14 1 10 13 2 0 3 15 14  225
28  8 6 12 15 15 6 5 15 1 0 3 1 9 1 14 1  218
34  10 6 12 9 11 0 0 15 3 13 2 13 15 12 10 0  219
42  15 12 13 6 9 13 5 10 1 8 15 3 7 0 1 8  96
37  7 9 10 5 9 8 13 6 6 0 15 12 0 3 4 5  179
19  1 5 3 6 11 11 1 12 1 2 9 12 3 3 12 10  45
57  5 5 4 11 9 14 11 13 0 3 2 3 11 8 12 11  49
40  12 12 10 14 11 11 7 7 9 10 11 6 14 11 10 11  155
51  13 7 1 8 15 11 13 12 8 11 15 4 3 2 6 1  205
49  11 0 13 14 6 13 10 1 0 2 14 13 6 14 5 1  86
49  1 0 10 2 14 0 14 3 13 11 15 13 15 3 2 5  159
20  14 0 13 0 8 2 3 14 9 2 5 15 14 10 10 6  219
12  1 10 12 13 2 6 10 3 3 13 7 13 3 10 6 7  231
23  10 15 14 3 9 4 2 5 12 10 14 0 6 9 7 13  142
38  8 6 11 9 14 0 12 13 12 9 1 6 12 7 9 12  51
1  8 7 0 7 5 2 1 4 14 2 1 13 8 0 2 0  119
35  3 3 5 8 14 2 3 1 1 7 10 14 6 8 12 14  49
27  12 9 6 4 7 9 5 14 13 2 3 8 0 1 6 7  152
51  12 10 0 12 9 11 0 8 11 1 8 15 11 1 6 1  19
22  5 1 6 5 2 13 0 2 12 12 12 2 7 1 12 5  236
13  8 6 1 15 6 13 0 13 2 1 7 14 10 11 12 0  153
6  11 8 14 1 13 6 8 7 6 6 0 6 12 3 3 12  255
55  11 1 9 12 9 13 3 5 0 9 1 9 1 3 11 5  191
12  9 3 14 10 11 8 13 3 2 6 13 1 14 2 13 0  37
1  4 8 13 10 10 4 6 0 2 1 7 9 8 2 3 7  3
17  8 8 8 14 4 9 11 10 4 6 2 0 10 13 7 9  90
17  10 0 1 8 1 5 3 7 13 11 15 6 11 12 1 13  83
45  5 1 0 10 3 7 12 3 11 7 8 1 13 12 5 1  181
24  2 2 2 3 2 9 2 4 9 2 12 9 3 1 9 0  145
39  15 8 0 14 12 2 8 6 11 1 15 11 6 0 7 13  137
35  11 2 14 5 1 6 11 0 11 0 4 11 0 0 13 14  195
22  1 2 13 11 8 3 12 1 8 7 6 9 11 8 11 8  25
14  7 13 2 7 1 14 10 7 4 14 1 13 7 12 14 11  218
38  7 8 15 8 0 0 3 10 14 8 8 0 6 0 0 10  246
18  8 0 0 6 15 3 15 8 1 6 7 1 4 6 13 1  30
53  0 15 1 4 3 7 4 14 9 2 0 1 11 3 4 7  248
63  5 4 10 3 5 8 1 8 14 4 14 5 12 9 14 8  52
29  1 8 5 5 6 7 10 7 5 1 8 10 8 1 10 4  215
4  7 6 15 4 13 2 14 5 12 11 13 15 1 5 10 0  205
12  1 3 2 15 7 14 10 11 3 5 3 7 9 12 11 4  100
42  3 5 0 8 3 13 1 8 11 3 3 2 1 2 15 10  236
14  6 15 12 0 13 12 3 1 5 1 4 5 6 11 7 0  104
33  6 4 14 7 7 10 15 3 6 15 2 1 13 5 5 7  211
44  10 12 15 7 15 6 8 15 9 15 11 7 12 1 7 4  25
49  8 15 4 7 14 5 0 10 9 12 10 10 3 0 15 8  138
45  11 1 9 4 15 7 3 14 14 0 11 1 4 7 2 5  51
18  14 10 12 10 3 5 7 14 0 5 14 3 9 4 12 3  13
58  13 8 3 10 2 0 6 14 5 0 10 0 3 5 9 0  186
22  15 4 0 4 14 12 13 3 15 3 7 3 6 1 8 7  16
30  14 6 12 0 15 0 3 5 6 8 5 12 14 0 2 14  74
4  1 10 15 11 0 14 15 2 9 2 3 6 14 14 4 6  113
44  6 9 2 7 1 14 5 2 13 13 15 6 9 12 13 3  24
63  1 8 9 7 10 14 2 10 15 14 8 3 8 3 14 0  58
59  7 10 12 6 9 2 10 0 0 6 6 11 12 2 5 5  137
36  13 10 9 8 9 3 0 1 7 12 11 9 15 2 13 0  80
12  8 1 8 0 5 3 15 5 0 10 1 10 2 13 6 10  108
51  0 0 14 6 1 9 1 9 6 4 7 5 3 6 13 15  188
12  9 7 14 7 6 10 8 10 10 7 9 1 0 14 7 9  214
36  9 15 5 2 2 3 8 13 11 11 12 1 11 4 3 7  149
52  4 6 14 9 2 5 10 5 7 14 2 3 14 14 4 2  154
27  8 3 5 11 10 14 9 10 8 15 5 6 9 13 13 2  136
12  1 12 13 8 7 8 6 1 7 11 7 6 4 3 11 9  98
53  5 2 8 13 8 0 4 9 15 11 5 2 9 5 9 0  5
16  3 14 6 7 8 13 4 14 7 2 15 8 3 11 0 13  110
1  13 12 3 4 9 15 0 10 6 10 14 4 8 13 15 6  7
42  3 9 0 15 7 12 9 4 11 5 15 1 13 5 14 6  231
11  12 14 2 14 2 14 6 12 8 8 15 2 12 12 13 2  127
30  8 3 12 1 14 5 6 3 11 2 12 3 4 15 12 12  224
19  2 6 3 13 10 2 8 8 10 3 10 13 5 12 15 13  93
5  2 0 8 6 11 10 14 5 13 8 12 13 12 10 8 5  233
28  2 0 12 11 3 2 13 14 5 0 15 13 15 0 9 10  59
49  1 0 5 2 7 9 2 5 12 10 11 15 14 9 5 6  81
32  14 14 11 7 5 12 11 6 6 9 7 5 2 3 2 10  167
46  6 5 1 7 3 6 12 8 4 12 5 7 10 7 12 10  247
32  8 5 9 14 7 4 2 8 0 4 0 11 7 11 13 1  12
41  5 2 1 5 15 7 6 9 11 9 3 10 6 8 1 15  205
24  5 4 12 5 10 7 1 7 10 15 1 0 9 12 6 2  62
42  5 14 14 14 8 8 7 2 12 6 6 14 9 7 5 13  233
17  5 15 7 2 3 13 6 7 10 6 11 11 6 8 8 7  160
60  5 8 11 7 13 14 9 5 2 1 10 3 14 14 3 1  72
16  7 9 15 9 5 12 6 15 13 6 12 4 0 3 7 13  243
45  12 4 15 10 13 9 9 11 15 3 9 1 7 4 9 8  33
44  12 0 13 3 8 8 6 9 1 12 0 11 4 5 14 11  188
48  13 3 5 8 0 2 11 3 8 4 13 12 0 0 4 7  227
60  10 1 10 11 9 8 6 6 1 7 6 8 4 9 6 2  82
31  4 0 13 11 0 3 8 12 15 13 1 5 12 12 7 6  204
46  10 12 12 2 14 4 9 14 11 11 12 12 5 1 0 0  130
29  1 5 13 9 3 6 7 13 12 8 4 9 15 4 9 12  38
52  0 2 11 1 5 11 3 4 1 6 8 6 0 12 1 14  225
26  0 14 9 4 7 5 5 0 8 3 10 12 8 13 10 5  32
24  6 11 0 14 10 0 15 8 10 13 3 2 7 15 9 9  173
47  2 5 12 15 11 15 1 15 7 4 1 15 11 1 2 0  69
47  5 4 10 7 3 3 11 5 3 15 3 12 6 15 0 13  95
41  11 12 2 10 5 12 8 6 0 6 12 14 8 8 6 4  156
43  1 4 13 12 10 14 1 11 7 11 4 2 2 1 13 13  209
34  8 9 4 14 5 7 10 8 12 0 15 6 10 2 6 2  93
10  15 15 9 9 6 5 4 7 8 13 4 7 2 8 3 15  8
10  12 11 14 3 5 10 6 13 8 6 7 3 0 1 7 6  77
43  5 3 3 15 5 0 5 13 9 2 10 2 8 13 9 4  157
4  7 10 15 14 10 8 8 8 8 8 5 7 1 3 9 7  182
1  14 15 4 3 9 5 1 7 9 13 2 6 12 12 6 4  205
45  3 12 13 8 11 2 13 7 10 8 6 5 15 12 6 13  5
31  8 3 12 0 14 13 9 6 13 2 7 12 4 11 8 7  26
55  12 4 4 9 12 12 0 3 4 9 2 14 11 2 8 1  0
51  11 2 3 7 5 8 12 7 9 15 12 12 3 5 15 0  157
50  11 4 11 3 7 10 5 6 11 2 14 2 0 1 5 15  163
15  8 4 11 7 15 12 4 0 12 10 8 11 13 4 10 3  235
43  14 2 3 10 8 3 15 12 15 2 0 8 14 15 9 8  151
34  11 7 4 7 9 9 12 10 7 4 14 14 4 12 12 7  161
46  7 8 13 1 3 7 14 1 7 13 14 8 4 9 0 3  80
5  13 5 13 15 0 7 10 8 10 13 6 12 2 3 12 6  141
39  0 6 6 15 4 13 10 10 7 4 2 5 11 12 14 4  193
48  11 1 3 6 0 0 14 5 11 1 10 1 3 15 8 1  121
38  7 2 0 0 2 4 6 0 9 2 14 8 11 15 12 4  189
13  12 10 10 6 15 10 6 12 3 15 0 14 13 7 4 0  150
64  11 14 15 8 0 10 2 6 15 1 7 6 11 12 0 15  236
36  2 2 4 11 0 12 13 15 5 10 1 12 14 11 4 7  130
18  2 10 15 1 1 11 2 11 3 13 2 3 10 15 9 13  103
52  0 8 2 10 6 1 0 10 13 8 3 1 2 15 4 3  247
32  5 0 14 5 6 1 4 10 7 0 7 0 5 7 6 8  242
34  3 0 5 13 7 9 11 2 3 7 9 12 15 2 0 3  17
27  11 12 11 7 7 9 1 14 15 12 5 15 4 10 1 11  213
11  1 4 1 12 10 12 6 6 11 15 4 10 14 13 4 3  59
64  14 14 10 11 12 6 2 3 9 7 3 7 4 4 12 11  87
54  10 3 15 8 15 10 7 7 10 2 5 10 8 6 1 3  182
29  14 8 2 6 6 14 14 7 6 0 15 3 3 15 8 15  215
36  14 7 12 0 8 14 4 4 6 0 3 12 10 4 9 7  199
46  0 2 4 15 14 2 13 15 7 0 7 4 3 14 14 9  135
9  13 4 3 6 8 0 7 14 9 7 3 6 6 12 9 7  124
37  1 13 10 4 9 10 12 6 7 11 1 5 13 3 12 8  199
20  4 12 3 11 8 9 14 9 3 6 7 0 7 9 2 5  25
8  12 3 9 9 6 14 13 15 0 4 9 15 3 0 13 6  26
41  10 15 14 6 2 1 13 3 11 2 7 15 0 10 4 14  37
51  5 12 4 11 5 1 9 11 12 0 6 3 1 9 4 12  200
47  7 15 15 3 12 3 1 14 1 1 6 14 1 4 8 9  12
62  1 13 15 2 6 7 4 6 10 2 9 4 0 8 5 5  18
5  13 1 7 7 2 2 4 9 3 4 2 8 7 8 7 12  111
57  4 11 12 5 11 8 13 12 10 5 2 7 8 10 2 15  11
15  5 15 4 2 15 4 8 13 10 1 11 2 14 15 11 14  16
19  6 13 5 6 9 12 1 8 7 9 0 1 2 6 15 13  25
46  8 10 13 13 9 12 1 3 0 13 14 4 5 2 1 6  84
25  2 15 5 13 2 5 10 12 15 4 4 0 6 14 2 9  7
13  8 13 14 3 8 5 3 2 15 8 15 7 14 6 9 2  115
27  12 2 4 3 7 11 8 12 2 8 2 6 7 13 10 7  196
23  10 12 12 11 2 10 4 5 8 2 1 10 0 3 12 4  67
43  14 15 15 4 14 1 11 4 4 5 5 15 9 0 10 5  189
5  2 10 5 2 5 2 15 10 14 12 3 15 10 5 8 6  157
62  15 12 2 7 0 7 12 9 0 5 13 4 12 1 2 13  212
21  10 10 6 7 2 8 6 7 14 9 8 1 5 11 10 13  105
52  0 8 2 9 13 9 7 13 10 5 8 7 7 13 10 12  252
22  0 12 10 0 2 9 2 7 13 2 2 8 7 13 8 11  77
52  4 0 11 4 14 4 6 12 1 3 10 14 3 7 12 12  113
31  11 9 12 10 7 5 10 1 14 8 11 5 15 10 9 14  237
47  10 3 2 15 6 8 13 3 15 1 9 12 1 5 12 13  152
31  9 10 8 12 2 8 14 9 13 3 1 7 1 14 3 6  222
6  10 2 7 15 5 8 13 0 13 9 9 10 11 8 5 3  112
14  7 1 4 12 11 2 14 0 12 9 13 0 15 2 1 3  45
8  9 0 11 11 10 15 7 3 8 11 0 5 4 8 2 8  178
2  13 11 6 11 2 2 11 6 10 10 15 1 2 14 14 12  134
19  10 9 9 12 4 12 14 3 10 2 7 0 12 13 7 1  140
30  6 12 2 11 1 1 9 15 11 8 10 1 4 9 2 12  3
27  3 14 3 3 4 13 8 13 6 4 13 9 4 10 12 14  245
37  9 10 2 0 11 9 14 2 7 4 7 12 10 0 8 6  147
8  8 14 12 4 3 9 3 8 2 7 9 9 9 4 5 10  174
43  6 6 1 4 4 6 12 14 2 2 8 8 2 4 9 9  4
57  7 0 13 15 11 6 0 3 2 0 11 5 1 0 1 2  213
43  15 4 5 4 13 5 7 7 4 14 11 3 6 13 8 14  174
38  1 12 5 15 4 11 14 15 15 6 15 1 15 9 12 2  38
53  2 11 8 8 12 8 2 14 6 7 8 7 12 12 10 14  189
35  2 10 2 11 12 15 5 8 2 4 15 4 3 0 2 10  208
63  0 8 3 15 6 11 12 14 9 9 9 14 11 14 1 0  26
63  13 1 6 10 3 0 12 13 1 14 3 6 2 13 2 0  240
28  13 12 7 8 10 0 2 2 4 9 4 2 11 12 4 15  246
12  6 1 7 3 2 0 9 1 4 11 8 5 15 4 12 14  174
9  4 5 9 12 11 6 0 3 10 9 7 13 10 15 14 10  243
57  12 12 6 1 8 9 4 10 3 15 9 6 5 3 9 12  242
35  5 10 9 8 9 9 9 15 5 11 0 15 6 1 2 4  241
26  2 13 11 5 0 1 8 7 15 12 14 8 2 7 5 8  194
54  13 15 14 9 12 2 0 5 2 1 8 14 11 14 7 11  113
9  10 12 11 5 1 8 7 14 11 14 15 4 0 13 10 0  59
48  2 8 1 0 13 14 2 12 10 2 11 7 10 8 6 6  169
37  15 10 7 2 3 13 8 2 7 5 4 0 2 5 11 2  40
52  9 10 5 4 2 11 2 3 10 9 6 1 3 9 12 7  36
56  13 7 3 7 10 0 15 3 9 15 12 3 9 2 11 10  67
10  5 13 15 6 5 15 0 3 15 7 13 2 1 3 13 15  20
55  14 2 15 12 3 1 8 15 7 3 7 2 2 14 10 10  7
51  15 13 7 15 1 2 6 0 1 8 7 11 0 3 7 0  55
34  3 15 4 10 7 7 1 6 5 9 2 8 14 11 11 8  47
25  12 15 10 4 10 11 0 14 11 2 9 14 13 4 0 14  99
10  13 4 13 9 0 13 3 10 7 6 15 4 12 4 4 1  206
36  14 0 10 12 7 8 7 15 3 9 11 0 9 15 12 14  175
49  7 14 1 5 7 6 13 5 2 6 14 12 6 1 2 10  11
41  10 8 5 8 15 6 9 10 11 0 9 8 11 15 14 0  63
12  1 1 10 14 6 1 13 4 5 1 11 15 6 8 8 6  120
61  3 13 15 0 13 1 8 7 4 10 10 7 1 2 10 8  171
37  10 11 5 14 0 8 11 1 15 15 4 7 4 0 4 4  15
39  1 4 12 15 0 4 13 7 12 13 6 1 2 12 4 7  11
30  11 9 7 5 10 1 2 14 13 7 6 13 15 1 13 15  202
51  1 2 13 3 3 1 8 0 4 7 7 9 2 5 9 8  163
15  12 2 7 15 6 6 13 12 2 3 5 6 6 7 13 9  221
34  10 1 6 8 5 12 7 5 15 10 15 10 2 2 7 6  38
16  4 1 13 7 13 2 12 11 3 0 6 10 1 4 6 1  145
63  9 13 9 15 5 1 0 3 10 3 1 1 4 0 11 11  170
17  2 0 6 4 6 1 1 12 13 1 10 5 0 5 3 0  191
11  9 13 2 6 14 6 13 7 4 8 14 8 7 12 6 2  40
38  2 15 2 1 6 10 11 2 5 2 9 7 15 12 14 3  230
25  1 15 15 12 10 11 2 13 10 15 14 13 5 0 13 14  173
32  14 4 12 11 5 8 14 6 11 8 8 5 3 12 9 1  235
53  11 11 11 14 6 13 13 3 2 11 8 1 6 7 11 3  34
21  3 12 5 3 9 2 12 9 11 7 8 2 5 4 10 14  108
63  14 9 7 10 1 9 10 12 1 0 0 11 0 2 4 1  179
1  12 14 13 2 3 12 3 4 2 14 12 7 10 1 7 8  192
21  9 14 5 4 1 13 1 0 10 7 12 12 13 2 8 1  224
6  14 0 14 12 4 7 4 11 8 13 6 14 12 7 12 15  142
46  12 1 2 6 5 9 14 0 5 13 2 13 8 5 2 7  29
14  1 3 6 12 11 3 13 15 0 6 14 15 8 10 5 1  7
3  4 12 15 2 0 5 12 7 9 6 0 4 4 13 12 6  39
17  7 9 1 15 14 4 3 2 8 0 15 1 5 6 11 2  195
39  2 13 12 3 8 12 15 11 7 14 9 5 11 11 0 3  230
50  12 7 0 12 2 2 15 5 15 7 15 1 13 15 15 10  53
54  8 11 1 1 10 5 12 2 4 15 9 4 0 10 13 2  249
3  10 5 9 0 8 10 4 12 2 1 11 0 11 1 13 8  203
43  1 6 10 3 8 2 7 1 2 14 5 9 0 7 3 12  226
40  6 1 12 8 6 1 9 3 2 12 12 7 0 9 15 5  165
11  11 7 13 13 2 1 8 15 12 15 2 12 12 14 12 2  206
25  12 3 15 7 14 8 9 10 5 2 10 5 3 12 0 2  240
62  3 6 10 10 14 15 10 8 12 9 15 15 11 0 9 10  0
64  4 10 7 7 14 10 4 11 7 14 11 8 4 5 8 2  224
62  12 10 0 5 5 12 1 13 9 4 1 10 15 0 6 7  218
2  14 5 2 11 5 2 1 12 13 8 7 9 13 12 10 4  72
40  13 10 8 1 12 9 7 9 1 14 10 1 6 12 11 6  136
26  1 14 5 2 14 10 2 15 4 11 11 1 5 1 7 8  215
47  6 1 0 8 11 13 3 14 0 13 6 2 11 8 15 4  75
32  11 0 14 8 11 14 3 6 12 7 6 10 1 7 14 3  239
47  15 0 5 0 12 6 6 12 13 14 4 10 8 5 10 13  95
40  6 9 6 6 1 14 0 4 12 2 5 0 10 12 2 12  36
29  13 13 13 9 3 13 2 3 15 11 13 7 9 1 7 0  137
6  7 10 7 9 12 1 1 14 2 9 8 5 5 7 7 6  79
29  0 9 15 2 5 2 9 15 0 10 3 7 0 8 3 14  64
47  3 10 6 0 14 6 5 15 10 4 15 4 2 10 10 8  78
46  13 0 1 11 8 6 15 2 14 2 9 14 0 7 7 0  118
59  0 10 12 14 9 6 8 11 8 6 4 12 3 7 12 7  90
64  5 8 14 5 7 7 12 15 9 8 10 6 8 1 13 7  3
6  5 3 6 15 5 5 1 11 2 3 5 14 8 14 10 5  4
37  0 11 1 5 0 5 2 2 13 7 9 1 13 9 2 13  174
53  15 11 7 7 0 7 12 6 14 13 13 2 5 3 12 3  204
36  9 1 2 7 11 2 7 13 13 14 4 10 3 15 8 11  216
21  15 6 6 5 1 15 0 0 5 6 15 2 0 14 7 1  94
42  6 6 12 15 9 8 15 13 10 3 4 9 9 8 5 4  198
31  5 9 9 6 8 2 14 12 2 9 0 9 11 12 1 6  107
27  3 11 8 10 6 5 8 10 15 5 5 5 1 5 13 14  138
23  3 9 12 6 6 9 7 13 11 4 0 6 9 2 0 10  33
5  12 7 8 2 12 0 3 13 9 15 14 3 8 6 9 0  142
19  15 1 15 0 4 4 8 10 10 12 4 10 0 1 14 15  72
53  5 13 3 0 5 15 12 11 7 7 14 12 7 6 2 6  190
25  8 2 12 6 2 12 3 15 8 4 3 0 11 5 13 0  250
35  7 9 10 11 11 0 6 15 12 6 3 12 6 7 13 1  80
32  4 5 1 12 13 1 12 15 6 8 10 12 10 7 3 1  253
7  8 4 5 14 0 4 5 5 12 1 7 5 9 8 4 12  50
56  3 12 0 15 13 1 15 7 9 3 13 12 9 1 2 6  191
15  7 6 13 8 5 12 8 2 10 6 8 4 10 2 15 9  16
5  3 6 0 3 10 10 10 13 1 0 13 11 9 1 6 0  238
40  3 10 5 13 8 11 2 2 13 2 3 12 2 2 13 8  0
37  1 0 14 8 10 6 12 7 5 13 0 4 13 6 11 1  179
57  6 13 7 9 14 11 5 9 9 14 14 14 4 0 2 9  204
51  7 7 5 14 9 4 9 8 14 10 0 3 4 8 9 15  138
47  3 0 8 4 10 11 12 9 1 9 1 9 8 14 13 8  218
36  8 12 6 15 5 7 8 4 14 1 4 6 0 4 14 6  192
50  8 13 8 0 9 4 3 4 7 0 0 13 1 11 6 7  187
14  5 0 6 10 4 7 11 5 13 0 4 2 1 4 8 8  137
54  1 5 10 14 12 12 4 9 12 10 7 11 10 7 3 10  77
8  11 14 3 0 4 5 9 5 15 1 13 1 1 12 13 0  188
45  11 7 12 1 0 4 0 10 10 0 2 8 3 0 5 11  143
44  10 8 2 6 15 12 11 11 5 10 1 8 12 0 9 4  45
25  1 12 3 10 12 12 7 15 10 9 7 0 3 11 3 13  1
57  4 9 7 10 8 2 1 3 14 15 9 7 10 3 3 8  166
63  6 15 6 2 8 6 6 2 4 2 2 7 11 14 1 12  180
20  15 9 1 3 6 14 0 5 9 5 10 10 12 9 11 14  131
55  15 10 5 6 6 7 12 10 3 13 12 10 7 9 14 3  244
46  9 15 1 1 11 3 10 7 9 1 0 12 1 14 4 10  232
31  11 11 5 11 15 9 9 5 3 0 9 3 0 4 9 7  144
64  7 0 6 2 1 9 8 13 4 15 11 10 3 15 10 4  160
47  2 5 10 2 12 12 3 14 8 14 12 11 2 3 15 1  196
50  9 5 8 6 2 12 8 14 10 14 4 5 2 6 15 6  148
39  7 2 0 7 15 13 5 13 10 2 8 9 6 6 3 9  195
27  13 10 15 10 2 13 15 2 15 7 12 1 12 3 7 5  230
35  10 6 8 3 13 15 5 13 2 6 5 9 14 13 10 12  228
34  13 2 15 0 10 7 11 7 5 14 1 9 7 5 13 12  169
16  14 14 11 1 10 5 2 9 11 3 12 7 10 8 1 15  102
3  8 7 1 15 3 12 8 3 8 1 13 5 12 7 2 3  62
57  3 7 14 12 1 1 8 15 7 3 1 10 11 12 12 14  226
45  10 15 0 6 12 13 12 3 6 13 12 3 1 6 1 15  77
57  1 10 2 7 13 6 1 6 15 2 12 13 2 1 14 13  78
7  8 10 14 11 9 7 0 1 10 0 8 2 3 0 1 2  93
20  2 4 5 6 8 9 10 11 5 3 3 8 5 7 0 15  169
18  11 8 3 2 10 10 12 4 5 8 5 14 14 8 8 2  18
33  10 4 10 10 15 6 14 6 10 14 7 13 0 9 15 3  72
41  8 7 1 9 5 5 0 1 9 10 4 4 10 7 7 7  1
31  4 13 1 9 0 14 2 11 7 6 9 14 3 9 6 11  187
37  9 9 6 15 1 12 10 14 3 14 6 7 3 12 8 14  50
40  11 11 5 11 1 13 13 12 9 8 8 12 14 10 4 9  91
29  11 3 14 4 0 11 8 7 4 7 14 11 4 3 0 10  51
2  4 2 0 1 14 10 4 11 13 15 10 9 5 13 11 2  116
10  5 1 3 11 7 4 12 9 11 0 3 14 1 2 2 9  212
17  4 2 12 14 14 7 15 13 5 5 4 14 0 2 6 4  11
8  1 7 4 11 12 4 6 11 3 2 0 6 15 15 2 4  132
42  3 6 8 9 1 8 11 10 6 3 7 8 3 0 5 3  76
56  9 2 15 5 12 4 2 12 4 1 9 4 2 15 1 15  71
3  12 11 4 11 9 0 13 1 15 9 8 12 6 15 8 13  146
2  1 12 12 0 7 10 15 7 8 5 12 7 2 10 11 0  82
5  15 12 10 2 4 6 14 7 7 8 12 11 2 2 5 15  18
55  12 14 7 15 10 15 8 2 12 6 1 13 10 10 10 13  68
2  5 12 11 8 3 6 9 15 3 12 14 1 8 2 8 1  38
20  14 0 9 4 9 11 2 6 15 0 0 5 14 1 6 13  2
3  14 13 3 13 10 3 14 5 2 7 13 7 15 4 6 12  51
34  13 11 3 13 7 11 3 9 12 6 12 15 7 10 12 0  46
58  10 12 9 0 4 10 1 4 7 8 6 8 10 12 12 11  56
57  3 15 8 12 2 4 10 6 0 3 1 4 14 7 7 10  68
22  1 15 7 12 1 2 3 7 2 10 11 0 3 11 10 15  243
37  5 0 5 4 15 2 0 13 8 11 6 2 3 9 15 10  83
52  1 6 1 14 14 15 12 12 11 8 14 15 8 3 7 12  176
32  9 10 15 15 15 9 11 6 10 15 0 15 9 13 12 9  84
50  4 14 5 5 1 5 4 4 11 14 14 13 0 11 1 0  176
63  7 5 8 12 12 12 10 1 13 14 5 14 15 3 6 13  41
30  11 5 0 2 0 8 13 7 8 10 12 7 9 13 4 3  52
40  14 3 15 5 4 11 1 9 7 9 10 14 12 10 12 12  53
13  10 7 8 14 12 2 14 4 12 1 10 7 0 12 3 9  36
64  0 6 3 14 15 6 2 6 3 14 9 15 8 7 15 13  147
7  1 6 10 10 14 14 13 5 2 14 0 1 13 3 7 4  96
35  13 14 3 9 0 15 5 1 12 6 1 15 2 4 10 10  245
31  3 7 2 1 13 1 9 0 14 4 12 9 10 8 3 7  161
11  9 0 5 6 6 13 6 1 10 10 11 3 3 4 15 2  27
32  6 9 2 10 11 7 3 10 8 4 5 2 0 15 0 4  12
19  10 2 0 7 14 13 9 4 7 15 6 1 14 4 0 10  238
35  8 0 0 9 11 11 8 5 4 10 11 1 14 10 11 6  84
21  1 2 8 1 6 3 12 9 14 2 0 9 2 12 8 3  56
60  9 15 0 4 1 0 13 10 0 1 15 0 6 14 9 11  139
47  4 5 5 14 15 14 9 10 1 13 1 4 13 5 6 6  0
20  10 4 11 3 5 11 7 2 10 7 9 13 6 0 4 9  132
36  6 12 15 15 0 9 5 6 5 9 5 4 14 4 5 12  135
17  2 13 10 0 4 3 6 13 13 10 11 2 15 14 5 1  231
31  3 3 10 14 3 13 10 12 11 14 4 10 6 4 10 10  218
48  8 8 2 13 5 0 13 5 8 1 2 15 4 10 13 0  210
17  11 3 10 1 14 3 13 3 13 5 1 6 12 2 10 8  19
52  2 7 13 5 5 1 15 11 11 7 3 3 2 0 1 1  40
59  9 7 2 11 15 6 12 5 3 14 14 8 11 1 6 2  48
55  8 2 2 10 15 10 9 1 14 2 9 9 8 8 1 15  120
6  0 11 14 12 4 7 7 12 0 13 8 5 10 14 6 7  142
31  4 5 2 13 10 9 8 1 15 1 9 15 4 7 4 8  140
15  3 0 11 8 5 10 9 4 14 14 3 5 8 13 15 14  3
45  10 10 0 12 0 8 6 10 8 3 15 1 9 15 3 13  140
64  15 11 15 4 1 13 3 0 2 9 4 9 0 1 2 9  151
46  0 1 12 4 8 14 6 10 9 4 9 3 15 7 0 6  206
25  6 13 10 12 1 8 5 9 12 1 6 9 0 10 2 1  222
19  10 12 11 7 1 0 9 6 8 2 14 14 9 4 2 2  60
14  10 13 8 2 12 15 10 0 15 6 11 11 1 8 1 0  244
29  5 7 6 9 12 4 11 6 4 13 9 1 12 6 0 11  97
9  4 0 1 0 8 4 14 3 9 9 1 15 4 13 7 13  21
50  13 3 13 4 3 6 15 13 0 12 7 8 3 15 7 7  17
15  0 10 15 14 9 10 13 13 15 15 13 7 10 1 15 1  215
12  11 3 7 11 11 3 3 6 2 12 10 9 12 14 9 11  179
63  6 14 11 14 9 4 11 8 8 14 8 3 13 15 0 8  6
16  0 15 9 11 3 2 1 10 7 3 9 11 13 9 4 10  45
55  7 1 4 4 4 11 11 13 4 4 5 10 15 12 4 3  27
59  9 6 15 13 6 3 3 14 2 3 6 1 8 8 11 10  108
17  1 13 12 3 14 13 14 12 7 6 12 5 15 7 8 10  89
55  13 0 11 8 5 14 1 8 1 9 11 4 8 14 5 7  142
10  1 0 0 2 2 2 10 7 7 5 5 4 3 11 0 15  133
13  10 0 9 2 10 13 10 1 11 4 2 14 7 2 15 0  174
2  4 4 3 13 9 10 3 7 0 13 3 3 6 0 6 12  65
53  8 8 12 6 9 6 12 5 9 3 14 1 12 12 0 15  75
30  8 9 7 8 5 2 10 2 0 7 12 7 14 1 14 13  5
9  7 6 8 1 9 0 1 7 15 7 11 8 6 10 9 6  84
11  5 14 9 14 9 5 1 4 4 14 2 2 10 9 9 10  186
23  11 12 13 6 10 6 8 2 7 7 14 5 15 1 6 4  211
29  4 15 8 7 6 15 7 9 13 14 1 6 6 7 3 13  244
19  2 14 12 2 4 9 13 10 11 1 10 9 14 0 5 7  53
21  9 7 1 7 4 12 5 12 15 8 5 5 12 0 10 2  203
44  15 3 8 9 12 15 5 0 12 13 0 2 13 15 0 10  51
64  1 5 9 2 10 14 5 9 7 2 7 6 8 2 14 11  85
55  7 14 12 14 3 9 9 4 3 13 1 14 3 7 10 15  96
60  10 13 7 13 11 13 12 14 8 10 3 3 7 5 15 2  195
7  5 6 5 1 12 1 14 4 3 1 3 13 14 11 5 8  79
21  11 5 13 15 15 8 4 0 3 10 8 15 14 13 7 9  22
30  11 0 11 2 8 2 14 2 8 7 12 3 0 3 11 14  95
13  0 15 3 6 11 9 7 10 0 7 13 5 2 13 4 13  125
61  6 14 0 4 1 2 6 4 0 15 0 13 5 9 0 4  37
