1 10010
1 10016
1 10019
1 10024
1 10028
1 10029
1 10038
1 10040
1 10041
1 10042
1 10044
1 10051
1 10056
1 10058
1 10060
1 10069
1 10070
1 10073
1 10086
1 10087
1 10089
1 10090
1 10091
1 10109
1 10119
1 10126
1 10127
1 10129
1 10135
1 10137
1 10139
1 10155
1 10156
1 10158
1 10159
1 10166
1 10170
1 10177
1 10182
1 10184
1 10195
1 10198
1 10205
1 10212
1 10224
1 10233
1 10244
1 10246
1 10250
1 10257
1 10259
1 10264
1 10272
1 10278
1 10280
1 10283
1 10284
1 10294
1 10303
1 10305
1 10311
1 10312
1 10313
1 10323
1 10327
1 10330
1 10335
1 10338
1 10340
1 10350
1 10357
1 10359
1 10369
1 10370
1 10375
1 10378
1 10379
1 10398
1 10415
1 10416
1 10420
1 10431
1 10432
1 10438
1 10444
1 10455
1 10465
1 10475
1 10477
1 10484
1 10501
1 10502
1 10505
1 10508
1 10512
1 10520
1 10526
1 10529
1 10533
1 10534
1 10535
1 10536
1 10546
1 10548
1 10559
1 10572
1 10578
1 10580
1 10589
1 10611
1 10621
1 10629
1 10631
1 10634
1 10638
1 10639
1 10656
1 10660
1 10669
1 10673
1 10676
1 10683
1 10687
1 10698
1 10705
1 10717
1 10719
1 10730
1 10732
1 10738
1 10753
1 10759
1 10800
1 10813
1 10816
1 10822
1 10823
1 10829
1 10835
1 10837
1 10866
1 10879
1 10880
1 10881
1 10884
1 10887
1 10889
1 10897
1 10898
1 10900
1 10907
1 10913
1 10922
1 10934
1 10936
1 10949
1 10954
1 10968
1 10984
1 10991
1 10995
1 10999
1 11011
1 11013
1 11019
1 11023
1 11025
1 11032
1 11037
1 11041
1 11064
1 11069
1 11081
1 11082
1 11087
1 11088
1 11097
1 11099
1 11106
1 11107
1 11121
1 11129
1 11138
1 11142
1 11148
1 11153
1 11158
1 11164
1 11166
1 11180
1 11185
1 11189
1 11193
1 11202
1 11211
1 11215
1 11217
1 11218
1 11221
1 11225
1 11227
1 11234
1 11238
1 11243
1 11261
1 11269
1 11271
1 11278
1 11282
1 11288
1 11294
1 11295
1 11297
1 11298
1 11303
1 11304
1 11307
1 11325
1 11332
1 11333
1 11346
1 11352
1 11356
1 11362
1 11371
1 11372
1 11378
1 11388
1 11389
1 11391
1 11393
1 11395
1 11418
1 11426
1 11428
1 11433
1 11438
1 11439
1 11441
1 11449
1 11454
1 11460
1 11477
1 11480
1 11482
1 11486
1 11487
1 11499
1 11500
1 11504
1 11514
1 11516
1 11526
1 11529
1 11534
1 11551
1 11557
1 11571
1 11572
1 11576
1 11578
1 11579
1 11583
1 11593
1 11597
1 11598
1 11603
1 11609
1 11614
1 11617
1 11624
1 11626
1 11629
1 11631
1 11637
1 11655
1 11668
1 11671
1 11677
1 11682
1 11687
1 11692
1 11694
1 11697
1 11710
1 11713
1 11716
1 11717
1 11722
1 11735
1 11764
1 11765
1 11766
1 11776
1 11778
1 11779
1 11780
1 11787
1 11788
1 11806
1 11807
1 11812
1 11821
1 11828
1 11830
1 11848
1 11854
1 11860
1 11870
1 11878
1 11885
1 11888
1 11889
1 11893
1 11903
1 11917
1 11940
1 11945
1 11951
1 11953
1 11958
1 11964
1 11971
1 11980
1 11983
1 11998
1 12029
1 12032
1 12033
1 12039
1 12047
1 12055
1 12075
1 12090
1 12091
1 12103
1 12107
1 12123
1 12136
1 12144
1 12161
1 12163
1 12176
1 12193
1 12202
1 12204
1 12223
1 12229
1 12238
1 12241
1 12248
1 12250
1 12253
1 12254
1 12262
1 12264
1 12265
1 12268
1 12269
1 12281
1 12282
1 12285
1 12289
1 12295
1 12297
1 12301
1 12315
1 12317
1 12325
1 12331
1 12335
1 12340
1 12345
1 12358
1 12365
1 12369
1 12372
1 12379
1 12381
1 12392
1 12402
1 12419
1 12423
1 12427
1 12428
1 12435
1 12438
1 12439
1 12443
1 12444
1 12448
1 12449
1 12451
1 12454
1 12458
1 12461
1 12466
1 12483
1 12495
1 12496
1 12500
1 12536
1 12540
1 12574
1 12578
1 12580
1 12581
1 12586
1 12589
1 12605
1 12610
1 12633
1 12635
1 12643
1 12648
1 12651
1 12653
1 12668
1 12671
1 12700
1 12704
1 12709
1 12719
1 12731
1 12736
1 12740
1 12782
1 12790
1 12804
1 12808
1 12810
1 12831
1 12864
1 12872
1 12876
1 12882
1 12891
1 12898
1 12908
1 12912
1 12915
1 12929
1 12930
1 12935
1 12936
1 12941
1 12943
1 12962
1 12965
1 12968
1 12969
1 12976
1 12977
1 12990
1 12996
1 13005
1 13009
1 13017
1 13023
1 13035
1 13044
1 13062
1 13065
1 13072
1 13073
1 13076
1 13082
1 13086
1 13088
1 13106
1 13114
1 13117
1 13125
1 13134
1 13178
1 13181
1 13182
1 13187
1 13195
1 13225
1 13234
1 13241
1 13243
1 13257
1 13266
1 13268
1 13270
1 13282
1 13291
1 13292
1 13294
1 13325
1 13330
1 13336
1 13343
1 13346
1 13349
1 13350
1 13354
1 13359
1 13369
1 13379
1 13380
1 13381
1 13392
1 13394
1 13396
1 13404
1 13407
1 13413
1 13444
1 13446
1 13458
1 13470
1 13490
1 13494
1 13497
1 13500
1 13504
1 13510
1 13549
1 13562
1 13571
1 13572
1 13577
1 13578
1 13582
1 13585
1 13591
1 13594
1 13603
1 13624
1 13625
1 13640
1 13644
1 13645
1 13650
1 13653
1 13664
1 13679
1 13690
1 13698
1 13703
1 13706
1 13711
1 13715
1 13724
1 13726
1 13746
1 13753
1 13755
1 13764
1 13767
1 13770
1 13771
1 13776
1 13777
1 13781
1 13787
1 13807
1 13808
1 13827
1 13842
1 13844
1 13846
1 13855
1 13869
1 13870
1 13872
1 13888
1 13899
1 13900
1 13907
1 13910
1 13913
1 13915
1 13919
1 13921
1 13923
1 13931
1 13941
1 13943
1 13950
1 13957
1 13958
1 13968
1 13969
1 13996
1 13999
1 14021
1 14033
1 14034
1 14036
1 14051
1 14055
1 14064
1 14078
1 14080
1 14087
1 14090
1 14103
1 14111
1 14137
1 14144
1 14156
1 14170
1 14191
1 14194
1 14195
1 14204
1 14215
1 14216
1 14247
1 14252
1 14254
1 14256
1 14258
1 14263
1 14267
1 14286
1 14290
1 14299
1 14300
1 14302
1 14303
1 14311
1 14312
1 14318
1 14340
1 14361
1 14363
1 14368
1 14373
1 14376
1 14383
1 14387
1 14400
1 14407
1 14412
1 14413
1 14417
1 14451
1 14454
1 14479
1 14483
1 14510
1 14513
1 14517
1 14519
1 14530
1 14539
1 14542
1 14555
1 14568
1 14576
1 14587
1 14607
1 14619
1 14620
1 14628
1 14633
1 14634
1 14653
1 14656
1 14662
1 14677
1 14687
1 14693
1 14699
1 14706
1 14715
1 14752
1 14758
1 14781
1 14794
1 14810
1 14818
1 14827
1 14834
1 14835
1 14847
1 14873
1 14877
1 14909
1 14922
1 14926
1 14933
1 14940
1 14953
1 14957
1 14966
1 14982
1 14997
1 15036
1 15043
1 15062
1 15063
1 15068
1 15097
1 15108
1 15112
1 15117
1 15134
1 15135
1 15146
1 15166
1 15171
1 15177
1 15188
1 1519
1 15191
1 15207
1 15210
1 15211
1 15243
1 15244
1 15245
1 15247
1 15264
1 15269
1 15296
1 15304
1 15311
1 15321
1 15324
1 15336
1 15348
1 15355
1 15381
1 15384
1 15388
1 15394
1 15405
1 15410
1 15412
1 15428
1 15430
1 15433
1 15434
1 15441
1 15443
1 15455
1 15456
1 15469
1 15472
1 15485
1 15491
1 15499
1 15507
1 15517
1 15522
1 15524
1 15532
1 15537
1 15546
1 15547
1 15549
1 1556
1 15563
1 15574
1 15581
1 15588
1 15606
1 15612
1 15618
1 15685
1 15687
1 15728
1 1573
1 15731
1 1577
1 15773
1 15782
1 15792
1 15794
1 15807
1 15818
1 15821
1 15826
1 15829
1 15850
1 15861
1 15867
1 1587
1 15887
1 15926
1 15928
1 15930
1 1594
1 15946
1 15952
1 16000
1 16013
1 16024
1 16032
1 16058
1 1606
1 16068
1 16071
1 16079
1 16099
1 16101
1 16105
1 16110
1 16111
1 16128
1 16129
1 16135
1 16143
1 16145
1 16158
1 16169
1 16175
1 16183
1 16231
1 16244
1 16249
1 16251
1 16276
1 1630
1 16322
1 16335
1 16344
1 16365
1 16368
1 16374
1 16375
1 16386
1 16398
1 16417
1 16421
1 16425
1 16434
1 16442
1 16446
1 16455
1 16475
1 16557
1 16565
1 16569
1 16573
1 16593
1 16603
1 16623
1 16637
1 16641
1 16667
1 16675
1 16689
1 16694
1 16710
1 16717
1 16736
1 16744
1 16768
1 16771
1 16780
1 16805
1 16810
1 16824
1 16829
1 16834
1 16839
1 16843
1 16849
1 16880
1 16883
1 16887
1 16904
1 16922
1 16924
1 16930
1 16935
1 16943
1 16966
1 16970
1 16977
1 16984
1 16997
1 17010
1 17011
1 17032
1 17060
1 17076
1 17080
1 17085
1 17089
1 17099
1 17100
1 17102
1 17122
1 17124
1 17125
1 17130
1 17138
1 17145
1 17152
1 17153
1 17156
1 17161
1 17163
1 17170
1 17173
1 17181
1 17185
1 17186
1 17187
1 17190
1 17215
1 17217
1 17219
1 17225
1 17226
1 17245
1 17246
1 17247
1 1725
1 1728
1 17290
1 17306
1 17308
1 17312
1 17313
1 17317
1 17326
1 17329
1 17331
1 17345
1 17357
1 17360
1 17369
1 17371
1 17384
1 17402
1 17403
1 17404
1 17405
1 17406
1 17407
1 17419
1 17435
1 17451
1 17489
1 17519
1 17579
1 17635
1 17652
1 17750
1 17755
1 17770
1 17791
1 1782
1 17859
1 17868
1 17876
1 17888
1 17894
1 17907
1 17921
1 18015
1 18039
1 18044
1 18089
1 18132
1 18138
1 18159
1 18179
1 18191
1 18218
1 18219
1 18269
1 18325
1 18386
1 18392
1 18399
1 18416
1 18452
1 18485
1 18506
1 18514
1 18519
1 18539
1 18546
1 1857
1 18573
1 18624
1 18631
1 18632
1 18642
1 18646
1 18687
1 18690
1 18692
1 18693
1 18696
1 18702
1 18709
1 18711
1 18715
1 18719
1 18723
1 18733
1 18739
1 18745
1 18747
1 18753
1 18776
1 18785
1 18791
1 18794
1 18805
1 18816
1 1882
1 18826
1 18830
1 18835
1 18858
1 18862
1 18901
1 18913
1 19026
1 19043
1 1915
1 19202
1 19280
1 19424
1 19474
1 19478
1 19502
1 19600
1 19729
1 19852
1 19907
1 19912
1 1991607
1 2000
1 20165
1 2020
1 20316
1 2033
1 20344
1 20416
1 20427
1 2070
1 20703
1 21026
1 2132
1 2152
1 21602
1 21674
1 21748
1 21804
1 2183
1 2187
1 2217
1 22202
1 2253
1 2257
1 22670
1 22706
1 2281
1 2295
1 23071
1 2342
1 2366
1 2391
1 2393
1 2401
1 2415
1 2416
1 2418
1 24191
1 24278
1 2433
1 2443
1 2452
1 2454
1 2462
1 2468
1 24686
1 2517
1 2532
1 2539
1 2549
1 2550
1 2553
1 25692
1 25752
1 2595
1 2681
1 2690
1 2692
1 2693
1 2697
1 2699
1 2732
1 2735
1 2755
1 2758
1 2769
1 2776
1 2779
1 2785
1 2787
1 2793
1 2798
1 2821
1 2823
1 2831
1 2838
1 2845
1 2858
1 2863
1 2866
1 2873
1 2875
1 2888
1 2899
1 2900
1 2906
1 2909
1 2910
1 2915
1 2921
1 2931
1 2932
1 2937
1 2946
1 2949
1 2951
1 2955
1 2965
1 2968
1 2970
1 2981
1 2987
1 2998
1 3010
1 3020
1 3026
1 3027
1 3031
1 3046
1 3047
1 3053
1 3057
1 3062
1 3063
1 3065
1 3071
1 3078
1 3092
1 3097
1 3098
1 3103
1 3104
1 3114
1 3125
1 3139
1 3145
1 3146
1 3147
1 3151
1 3154
1 3172
1 3181
1 3191
1 3197
1 3200
1 3203
1 3211
1 3216
1 3226
1 3258
1 3259
1 3269
1 3271
1 3275
1 3279
1 3280
1 3313
1 3323
1 3325
1 3328
1 3331
1 3340
1 3342
1 3348
1 3350
1 3351
1 3364
1 3370
1 3372
1 3380
1 3382
1 3383
1 3389
1 3395
1 3397
1 3404
1 3422
1 3424
1 3428
1 3429
1 3437
1 3440
1 3446
1 3448
1 3449
1 3463
1 3466
1 3474
1 3493
1 3499
1 3501
1 3503
1 3507
1 3511
1 3517
1 3526
1 3541
1 3544
1 3545
1 3547
1 3555
1 3561
1 3563
1 3564
1 3565
1 3569
1 3571
1 3574
1 3575
1 3579
1 3582
1 3585
1 3586
1 3587
1 3590
1 3609
1 3610
1 3615
1 3616
1 3619
1 3632
1 3639
1 3651
1 3655
1 3665
1 3666
1 3671
1 3675
1 3680
1 3682
1 3688
1 3692
1 3703
1 3704
1 3712
1 3715
1 3718
1 3730
1 3732
1 3733
1 3736
1 3741
1 3743
1 3745
1 3756
1 3766
1 3774
1 3803
1 3807
1 3812
1 3817
1 3818
1 3825
1 3827
1 3837
1 3848
1 3851
1 3855
1 3857
1 3860
1 3861
1 3868
1 3880
1 3884
1 3889
1 3890
1 3898
1 3907
1 3908
1 3928
1 3941
1 3945
1 3946
1 3947
1 3958
1 3962
1 3964
1 3979
1 3983
1 3985
1 3986
1 3995
1 3996
1 3998
1 4013
1 4015
1 4017
1 4022
1 4039
1 4040
1 4042
1 4046
1 4047
1 4080
1 4085
1 4090
1 4102
1 4103
1 4107
1 4114
1 4121
1 4132
1 4138
1 4144
1 4152
1 4162
1 4166
1 4179
1 4182
1 4187
1 4191
1 4196
1 4200
1 4202
1 4220
1 4223
1 4234
1 4249
1 4258
1 4261
1 4263
1 4264
1 4265
1 4267
1 4275
1 4278
1 4280
1 4284
1 4290
1 4296
1 4301
1 4307
1 4310
1 4311
1 4313
1 4316
1 4318
1 4319
1 4320
1 4327
1 4328
1 4329
1 4332
1 4338
1 4340
1 4353
1 4360
1 4362
1 4369
1 4376
1 4391
1 4401
1 4402
1 4407
1 4417
1 4428
1 4432
1 4433
1 4445
1 4447
1 4462
1 4463
1 4468
1 4470
1 4478
1 4480
1 4487
1 4490
1 4495
1 4496
1 4500
1 4501
1 4503
1 4520
1 4523
1 4525
1 4527
1 4528
1 4535
1 4553
1 4558
1 4563
1 4565
1 4571
1 4581
1 4582
1 4583
1 4591
1 4596
1 4601
1 4615
1 4618
1 4620
1 4622
1 4629
1 4636
1 4639
1 4640
1 4641
1 4642
1 4648
1 4649
1 4659
1 4660
1 4665
1 4668
1 4679
1 4681
1 4682
1 4685
1 4686
1 4688
1 4694
1 4697
1 4703
1 4713
1 4719
1 4720
1 4737
1 4738
1 4742
1 4746
1 4752
1 4775
1 4793
1 4811
1 4812
1 4816
1 4818
1 4825
1 4830
1 4834
1 4849
1 4857
1 4861
1 4863
1 4873
1 4876
1 4878
1 4879
1 4882
1 4893
1 4898
1 4906
1 4927
1 4928
1 4931
1 4945
1 4951
1 4957
1 4959
1 4962
1 4969
1 4970
1 4972
1 4976
1 4994
1 4997
1 5000
1 5002
1 5005
1 5010
1 5016
1 5020
1 5021
1 5029
1 5041
1 5043
1 5051
1 5055
1 5056
1 5063
1 5070
1 5076
1 5079
1 5085
1 5088
1 5090
1 5097
1 5098
1 5099
1 5105
1 5107
1 5109
1 5121
1 5129
1 5132
1 5136
1 5144
1 5152
1 5158
1 5159
1 5160
1 5161
1 5170
1 5178
1 5179
1 5192
1 5194
1 5203
1 5205
1 5209
1 5210
1 5215
1 5226
1 5230
1 5233
1 5237
1 5238
1 5240
1 5246
1 5252
1 5256
1 5257
1 5276
1 5280
1 5282
1 5284
1 5300
1 5302
1 5303
1 5307
1 5315
1 5318
1 5320
1 5325
1 5329
1 5333
1 5336
1 5337
1 5344
1 5354
1 5358
1 5362
1 5365
1 5383
1 5393
1 5395
1 5398
1 5399
1 5401
1 5404
1 5412
1 5416
1 5421
1 5425
1 5426
1 5429
1 5444
1 5454
1 5456
1 5461
1 5469
1 5472
1 5473
1 5477
1 5480
1 5481
1 5485
1 5486
1 5496
1 5516
1 5524
1 5525
1 5530
1 5544
1 5552
1 5557
1 5574
1 5581
1 5590
1 5592
1 5595
1 5598
1 5612
1 5629
1 5631
1 5632
1 5635
1 5641
1 5647
1 5649
1 5653
1 5654
1 5660
1 5666
1 5669
1 5671
1 5677
1 5679
1 5680
1 5684
1 5692
1 5694
1 5699
1 5707
1 5715
1 5752
1 5760
1 5762
1 5769
1 5773
1 5783
1 5788
1 5794
1 5798
1 5802
1 5808
1 5809
1 5810
1 5820
1 5831
1 5833
1 5843
1 5848
1 5850
1 5851
1 5855
1 5857
1 5861
1 5866
1 5867
1 5868
1 5869
1 5884
1 5893
1 5895
1 5897
1 5899
1 5903
1 5908
1 5916
1 5926
1 5928
1 5930
1 5935
1 5939
1 5941
1 5944
1 5950
1 5954
1 5956
1 5958
1 5975
1 5979
1 5980
1 5982
1 5983
1 5985
1 5987
1 5988
1 5992
1 5993
1 5996
1 6000
1 6003
1 6005
1 6009
1 6010
1 6020
1 6026
1 6030
1 6047
1 6049
1 6051
1 6055
1 6058
1 6065
1 6066
1 6069
1 6072
1 6074
1 6075
1 6078
1 6092
1 6101
1 6108
1 6113
1 6117
1 6118
1 6119
1 6124
1 6127
1 6165
1 6167
1 6168
1 6170
1 6179
1 6181
1 6183
1 6185
1 6191
1 6192
1 6198
1 6207
1 6208
1 6210
1 6221
1 6225
1 6227
1 6242
1 6249
1 6254
1 6263
1 6265
1 6266
1 6279
1 6288
1 6294
1 6309
1 6316
1 6318
1 6321
1 6340
1 6341
1 6348
1 6349
1 6371
1 6373
1 6379
1 6395
1 6397
1 6398
1 6403
1 6406
1 6417
1 6437
1 6438
1 6443
1 6446
1 6447
1 6452
1 6457
1 6460
1 6469
1 6475
1 6479
1 6485
1 6488
1 6493
1 6494
1 6496
1 6498
1 6503
1 6505
1 6514
1 6524
1 6525
1 6536
1 6537
1 6541
1 6546
1 6550
1 6551
1 6552
1 6555
1 6564
1 6571
1 6575
1 6590
1 6597
1 6612
1 6627
1 6629
1 6630
1 6633
1 6641
1 6645
1 6653
1 6658
1 6665
1 6669
1 6672
1 6679
1 6693
1 6703
1 6709
1 6719
1 6742
1 6749
1 6773
1 6774
1 6775
1 6780
1 6794
1 6797
1 6804
1 6808
1 6815
1 6817
1 6823
1 6832
1 6837
1 6845
1 6848
1 6859
1 6862
1 6866
1 6868
1 6876
1 6885
1 6895
1 6897
1 6902
1 6905
1 6909
1 6916
1 6921
1 6923
1 6924
1 6928
1 6929
1 6933
1 6935
1 6938
1 6940
1 6961
1 6965
1 6972
1 6978
1 6989
1 6992
1 6998
1 7004
1 7007
1 7012
1 7028
1 7040
1 7044
1 7045
1 7048
1 7050
1 7051
1 7054
1 7055
1 7064
1 7067
1 7073
1 7077
1 7079
1 7081
1 7085
1 7094
1 7095
1 7099
1 7104
1 7110
1 7111
1 7113
1 7115
1 7126
1 7137
1 7139
1 7142
1 7151
1 7153
1 7154
1 7158
1 7170
1 7172
1 7175
1 7193
1 7194
1 7195
1 7197
1 7198
1 7201
1 7209
1 7215
1 7217
1 7218
1 7231
1 7235
1 7236
1 7237
1 7251
1 7261
1 7263
1 7265
1 7269
1 7270
1 7277
1 7283
1 7284
1 7293
1 7301
1 7309
1 7317
1 7320
1 7325
1 7333
1 7335
1 7344
1 7345
1 7352
1 7353
1 7362
1 7366
1 7374
1 7378
1 7379
1 7380
1 7385
1 7391
1 7400
1 7407
1 7415
1 7439
1 7442
1 7444
1 7459
1 7464
1 7468
1 7482
1 7483
1 7485
1 7497
1 7501
1 7510
1 7514
1 7518
1 7523
1 7528
1 7530
1 7545
1 7554
1 7560
1 7561
1 7565
1 7573
1 7576
1 7587
1 7588
1 7598
1 7604
1 7606
1 7608
1 7610
1 7647
1 7656
1 7667
1 7675
1 7678
1 7680
1 7684
1 7692
1 7694
1 7708
1 7712
1 7713
1 7715
1 7717
1 7721
1 7737
1 7746
1 7747
1 7751
1 7755
1 7757
1 7764
1 7766
1 7767
1 7770
1 7778
1 7779
1 7787
1 7791
1 7801
1 7806
1 7808
1 7812
1 7826
1 7844
1 7845
1 7850
1 7873
1 7887
1 7889
1 7896
1 7907
1 7910
1 7912
1 7921
1 7924
1 7931
1 7941
1 7942
1 7950
1 7954
1 7958
1 7961
1 7964
1 7965
1 7966
1 7974
1 7975
1 7982
1 7989
1 7994
1 7997
1 8005
1 8009
1 8012
1 8016
1 8018
1 8020
1 8028
1 8029
1 8031
1 8041
1 8042
1 8046
1 8049
1 8056
1 8060
1 8064
1 8068
1 8076
1 8087
1 8098
1 8113
1 8123
1 8129
1 8131
1 8133
1 8136
1 8138
1 8143
1 8144
1 8149
1 8150
1 8155
1 8157
1 8158
1 8170
1 8173
1 8178
1 8186
1 8187
1 8193
1 8206
1 8208
1 8221
1 8225
1 8235
1 8239
1 8246
1 8252
1 8253
1 8266
1 8272
1 8275
1 8276
1 8280
1 8281
1 8289
1 8294
1 8295
1 8299
1 8303
1 8304
1 8315
1 8332
1 8339
1 8341
1 8342
1 8357
1 8360
1 8361
1 8364
1 8366
1 8372
1 8376
1 8377
1 8378
1 8382
1 8389
1 8395
1 8397
1 8400
1 8401
1 8402
1 8405
1 8411
1 8421
1 8425
1 8434
1 8438
1 8443
1 8454
1 8460
1 8462
1 8470
1 8477
1 8479
1 8480
1 8483
1 8489
1 8494
1 8499
1 8505
1 8514
1 8515
1 8518
1 8528
1 8531
1 8533
1 8535
1 8548
1 8552
1 8555
1 8560
1 8565
1 8567
1 8568
1 8575
1 8578
1 8587
1 8616
1 8629
1 8630
1 8635
1 8639
1 8640
1 8660
1 8663
1 8664
1 8665
1 8681
1 8685
1 8687
1 8690
1 8692
1 8693
1 8704
1 8711
1 8725
1 8735
1 8738
1 8740
1 8744
1 8753
1 8755
1 8761
1 8764
1 8765
1 8766
1 8770
1 8788
1 8792
1 8795
1 8802
1 8803
1 8810
1 8812
1 8814
1 8824
1 8832
1 8834
1 8837
1 8838
1 8841
1 8850
1 8856
1 8861
1 8863
1 8865
1 8870
1 8871
1 8879
1 8880
1 8887
1 8895
1 8900
1 8901
1 8902
1 8905
1 8915
1 8921
1 8932
1 8934
1 8940
1 8941
1 8944
1 8945
1 8947
1 8950
1 8954
1 8956
1 8957
1 8958
1 8972
1 8996
1 8998
1 8999
1 9003
1 9008
1 9023
1 9030
1 9042
1 9068
1 9080
1 9085
1 9093
1 9094
1 9098
1 9102
1 9105
1 9107
1 9111
1 9117
1 9121
1 9124
1 9130
1 9142
1 9143
1 9147
1 9161
1 9162
1 9166
1 9170
1 9171
1 9179
1 9186
1 9195
1 9215
1 9217
1 9247
1 9248
1 9254
1 9271
1 9288
1 9290
1 9291
1 9302
1 9304
1 9306
1 9315
1 9324
1 9330
1 9333
1 9334
1 9335
1 9343
1 9345
1 9346
1 9349
1 9353
1 9355
1 9370
1 9373
1 9394
1 9396
1 9403
1 9408
1 9410
1 9414
1 9415
1 9420
1 9426
1 9430
1 9438
1 9445
1 9457
1 9458
1 9459
1 9466
1 9472
1 9480
1 9481
1 9488
1 9492
1 9495
1 9498
1 9501
1 9510
1 9518
1 9522
1 9523
1 9526
1 9527
1 9533
1 9539
1 9541
1 9543
1 9547
1 9555
1 9567
1 9568
1 9572
1 9581
1 9582
1 9586
1 9590
1 9596
1 9597
1 9598
1 9623
1 9626
1 9642
1 9643
1 9655
1 9660
1 9668
1 9675
1 9680
1 9683
1 9696
1 9697
1 9700
1 9702
1 9707
1 9709
1 9727
1 9741
1 9753
1 9754
1 9757
1 9758
1 9762
1 9763
1 9766
1 9768
1 9770
1 9772
1 9776
1 9784
1 9792
1 9793
1 9796
1 9800
1 9804
1 9806
1 9808
1 9810
1 9824
1 9839
1 9844
1 9845
1 9849
1 9851
1 9852
1 9855
1 9862
1 9869
1 9879
1 9880
1 9886
1 9889
1 9890
1 9896
1 9903
1 9916
1 9918
1 9926
1 9931
1 9934
1 9936
1 9943
1 9944
1 9948
1 9959
1 9965
1 9968
1 9969
1 9977
1 9985
1 9990
2 10001
2 10002
2 10003
2 10008
2 10013
2 10017
2 10030
2 10049
2 10061
2 10105
2 10110
2 10125
2 10132
2 10140
2 10146
2 10153
2 10160
2 10161
2 10175
2 10185
2 10193
2 10213
2 10218
2 10219
2 10235
2 10238
2 10241
2 10243
2 10269
2 10274
2 10287
2 10290
2 10292
2 10298
2 10301
2 10333
2 10341
2 10348
2 10352
2 10365
2 10373
2 10384
2 10385
2 10404
2 10408
2 10410
2 10422
2 10441
2 10443
2 10450
2 10457
2 10464
2 10466
2 10467
2 10479
2 10480
2 10481
2 10491
2 10495
2 10550
2 10569
2 10573
2 10587
2 10588
2 10595
2 10606
2 10633
2 10649
2 10658
2 10679
2 10680
2 10693
2 10701
2 10711
2 10728
2 10741
2 10744
2 10748
2 10749
2 10754
2 10760
2 10774
2 10778
2 10792
2 10801
2 10834
2 10842
2 10849
2 10856
2 10870
2 10883
2 10891
2 10895
2 10904
2 10910
2 10911
2 10915
2 10928
2 10931
2 10948
2 10960
2 10980
2 10981
2 10985
2 10986
2 10989
2 10994
2 11020
2 11028
2 11030
2 11043
2 11046
2 11054
2 11066
2 11068
2 11074
2 11083
2 11116
2 11124
2 11130
2 11133
2 11143
2 11157
2 11159
2 11162
2 11165
2 11181
2 11183
2 11194
2 11214
2 11223
2 11233
2 11244
2 11264
2 11265
2 11273
2 11274
2 11289
2 11293
2 11314
2 11329
2 11339
2 11343
2 11348
2 11377
2 11390
2 11397
2 11399
2 11400
2 11413
2 11422
2 11458
2 11528
2 11533
2 11542
2 11546
2 11548
2 11550
2 11552
2 11559
2 11574
2 11585
2 11616
2 11622
2 11628
2 11642
2 11650
2 11660
2 11662
2 11666
2 11686
2 11688
2 11690
2 11704
2 11706
2 11711
2 11729
2 11738
2 11781
2 11786
2 11791
2 11797
2 11804
2 11805
2 11809
2 11833
2 11837
2 11839
2 11841
2 11868
2 11875
2 11890
2 11894
2 11908
2 11943
2 11965
2 11969
2 11973
2 12006
2 12019
2 12025
2 12041
2 12043
2 12044
2 12048
2 12060
2 12069
2 12096
2 12121
2 12134
2 12140
2 12149
2 12154
2 12183
2 12186
2 12191
2 12195
2 12198
2 12199
2 12200
2 12205
2 12210
2 12212
2 12221
2 12222
2 12224
2 12225
2 12233
2 12260
2 12270
2 12290
2 12299
2 12311
2 12316
2 12320
2 12334
2 12350
2 12366
2 12376
2 12386
2 12396
2 12406
2 12415
2 12445
2 12463
2 12493
2 12506
2 12508
2 12514
2 12520
2 12531
2 12533
2 12554
2 12557
2 12563
2 12593
2 12615
2 12617
2 12629
2 12637
2 12688
2 12692
2 12720
2 12748
2 12771
2 12781
2 12784
2 12801
2 12820
2 12913
2 12920
2 12932
2 12967
2 13024
2 13036
2 13045
2 13050
2 13052
2 13057
2 13078
2 13085
2 13093
2 13103
2 13108
2 13167
2 13169
2 13174
2 13216
2 13222
2 13276
2 13295
2 13358
2 13371
2 13386
2 13393
2 13395
2 13427
2 13443
2 13447
2 13448
2 13471
2 13474
2 13476
2 13523
2 13540
2 13545
2 13547
2 13567
2 13588
2 13593
2 13597
2 13609
2 13616
2 13628
2 13633
2 13637
2 13671
2 13691
2 13713
2 13722
2 13730
2 13744
2 13749
2 13756
2 13760
2 13763
2 13773
2 13795
2 13802
2 13813
2 13847
2 13948
2 13951
2 13964
2 14012
2 14016
2 14054
2 14061
2 14079
2 14081
2 14095
2 14157
2 14161
2 14187
2 14190
2 14210
2 14232
2 14269
2 14272
2 14292
2 14316
2 14328
2 14335
2 14339
2 14352
2 14358
2 14370
2 14377
2 14403
2 14414
2 14420
2 14424
2 14444
2 14453
2 14465
2 14504
2 14509
2 14531
2 14545
2 14551
2 14605
2 14608
2 14650
2 14651
2 14660
2 14675
2 14681
2 14692
2 14695
2 1470
2 14700
2 14713
2 14734
2 14742
2 14768
2 14773
2 14777
2 14811
2 14839
2 14851
2 14854
2 14857
2 14880
2 14885
2 14890
2 14893
2 1491
2 14914
2 14942
2 14951
2 14952
2 14959
2 14960
2 14962
2 14980
2 14984
2 14990
2 14993
2 15016
2 15024
2 15034
2 15042
2 15048
2 15074
2 15081
2 15085
2 15088
2 15094
2 15099
2 15132
2 15137
2 15152
2 15158
2 15159
2 15163
2 15164
2 15169
2 15221
2 15236
2 15240
2 15242
2 15256
2 15262
2 15268
2 1527
2 15271
2 15276
2 15288
2 15291
2 15301
2 15315
2 15342
2 15358
2 15393
2 15396
2 15401
2 15426
2 15435
2 15438
2 15451
2 15460
2 1551
2 15516
2 15531
2 15560
2 15577
2 15626
2 15639
2 15646
2 15648
2 15664
2 15680
2 15689
2 1572
2 15749
2 15764
2 15765
2 15770
2 15790
2 15851
2 15852
2 15863
2 15879
2 15891
2 15898
2 15901
2 15905
2 15915
2 15927
2 15936
2 15944
2 15959
2 15966
2 1599
2 16012
2 16023
2 16039
2 16062
2 16133
2 16146
2 16149
2 16155
2 16162
2 16194
2 16250
2 16273
2 16285
2 1634
2 16350
2 16361
2 1637
2 16387
2 16400
2 16423
2 1643
2 16469
2 16487
2 16500
2 16512
2 16534
2 16543
2 16561
2 16566
2 16567
2 16578
2 16608
2 16643
2 16654
2 16657
2 16678
2 16707
2 16761
2 16762
2 16782
2 16806
2 16812
2 16814
2 16817
2 16889
2 16905
2 16916
2 16926
2 16933
2 16948
2 16952
2 16971
2 16975
2 16996
2 17002
2 17012
2 17013
2 17042
2 17048
2 17055
2 17056
2 17057
2 17063
2 17097
2 17098
2 17106
2 17117
2 1712
2 17120
2 17137
2 1714
2 17150
2 17151
2 17154
2 17155
2 17172
2 17176
2 1718
2 17194
2 17199
2 17201
2 17218
2 17240
2 17253
2 17257
2 17258
2 17260
2 17263
2 17266
2 17267
2 17268
2 17277
2 17283
2 17291
2 17300
2 17318
2 17328
2 17335
2 17336
2 17352
2 17366
2 17374
2 17380
2 17383
2 17390
2 17401
2 17416
2 17456
2 1748
2 17482
2 17486
2 17487
2 1750
2 17509
2 17515
2 17517
2 17566
2 17568
2 17570
2 17592
2 17641
2 1769
2 17747
2 1778
2 17790
2 17816
2 17849
2 17855
2 17869
2 17949
2 1805
2 18058
2 18065
2 18070
2 18106
2 18177
2 18205
2 18211
2 1832
2 1833
2 18400
2 18426
2 18429
2 18458
2 18477
2 18504
2 18509
2 18550
2 18610
2 1866
2 18673
2 18701
2 18704
2 18707
2 18708
2 18714
2 18722
2 18729
2 18754
2 18768
2 18792
2 1880
2 18804
2 18807
2 18820
2 18831
2 18848
2 18849
2 18855
2 18867
2 19028
2 19044
2 1927
2 19287
2 1933
2 1951
2 1964
2 19811
2 19842
2 19898
2 1994
2 19978
2 2006
2 2023
2 20243
2 20306
2 20310
2 20389
2 2047
2 2080
2 2083
2 2099
2 2107
2 21119
2 21329
2 21369
2 2180
2 21813
2 2182
2 21841
2 21849
2 21961
2 2248
2 22614
2 22649
2 2270
2 2271
2 2290
2 22982
2 2303
2 2309
2 2315
2 23228
2 2329
2 23294
2 2348
2 2349
2 2356
2 2367
2 2369
2 2373
2 2382
2 2390
2 2403
2 2408
2 2410
2 2417
2 2430
2 2449
2 2450
2 2456
2 2477
2 2483
2 2485
2 2487
2 2488
2 2502
2 2516
2 2533
2 2536
2 2555
2 2557
2 2559
2 2579
2 2588
2 2610
2 2621
2 2636
2 2639
2 2642
2 2658
2 2677
2 2678
2 2688
2 2689
2 2711
2 2713
2 2717
2 2719
2 2726
2 2727
2 2741
2 2770
2 2775
2 2783
2 2786
2 2790
2 2812
2 2815
2 2816
2 2826
2 2848
2 2850
2 2862
2 2871
2 2880
2 2882
2 2887
2 2893
2 2894
2 2902
2 2905
2 2911
2 29200
2 2929
2 2938
2 2960
2 2966
2 2976
2 2978
2 2986
2 2994
2 2996
2 2999
2 3000
2 3001
2 3005
2 3015
2 3018
2 3025
2 3030
2 3035
2 3039
2 3044
2 3066
2 3082
2 3090
2 3109
2 3113
2 3120
2 3130
2 3142
2 3149
2 3155
2 3161
2 3168
2 3170
2 3192
2 3198
2 3204
2 3205
2 3213
2 3221
2 3233
2 3242
2 3247
2 3250
2 3253
2 3254
2 3264
2 3270
2 3278
2 3289
2 3290
2 3292
2 3301
2 3312
2 3314
2 3318
2 3333
2 3344
2 3345
2 3347
2 3367
2 3377
2 3384
2 3386
2 3403
2 3405
2 3409
2 3415
2 3421
2 3426
2 3438
2 3443
2 3444
2 3450
2 3470
2 3471
2 3482
2 3488
2 3491
2 3495
2 3508
2 3509
2 3510
2 3528
2 3534
2 3543
2 3550
2 3552
2 3554
2 3557
2 3560
2 3580
2 3591
2 3594
2 3598
2 3600
2 3617
2 3630
2 3652
2 3656
2 3658
2 3670
2 3678
2 3681
2 3685
2 3708
2 3713
2 3717
2 3731
2 3735
2 3738
2 3739
2 3742
2 3747
2 3757
2 3758
2 3760
2 3762
2 3778
2 3788
2 3791
2 3794
2 3796
2 3801
2 3804
2 3808
2 3845
2 3873
2 3878
2 3883
2 3885
2 3891
2 3897
2 3915
2 3940
2 3942
2 3961
2 3967
2 3971
2 3975
2 3978
2 3982
2 3991
2 4002
2 4004
2 4006
2 4007
2 4010
2 4012
2 4018
2 4019
2 4032
2 4033
2 4037
2 4045
2 4050
2 4059
2 4062
2 4070
2 4075
2 4078
2 4079
2 4081
2 4092
2 4093
2 4101
2 4105
2 4120
2 4123
2 4124
2 4125
2 4128
2 4129
2 4131
2 4133
2 4134
2 4135
2 4141
2 4148
2 4167
2 4170
2 4174
2 4184
2 4199
2 4205
2 4212
2 4213
2 4224
2 4232
2 4233
2 4246
2 4251
2 4255
2 4270
2 4274
2 4282
2 4291
2 4292
2 4299
2 4324
2 4325
2 4334
2 4344
2 4349
2 4352
2 4375
2 4381
2 4397
2 4398
2 4411
2 4412
2 4413
2 4418
2 4435
2 4437
2 4439
2 4453
2 4455
2 4457
2 4466
2 4472
2 4474
2 4476
2 4481
2 4482
2 4492
2 4494
2 4502
2 4508
2 4512
2 4518
2 4521
2 4537
2 4541
2 4543
2 4548
2 4557
2 4569
2 4587
2 4593
2 4600
2 4616
2 4617
2 4628
2 4630
2 4643
2 4646
2 4650
2 4655
2 4669
2 4674
2 4689
2 4700
2 4705
2 4709
2 4711
2 4712
2 4729
2 4730
2 4731
2 4735
2 4743
2 4747
2 4748
2 4749
2 4768
2 4772
2 4774
2 4778
2 4782
2 4790
2 4791
2 4794
2 4800
2 4802
2 4803
2 4824
2 4833
2 4836
2 4837
2 4839
2 4844
2 4851
2 4856
2 4864
2 4867
2 4870
2 4877
2 4880
2 4883
2 4885
2 4900
2 4901
2 4903
2 4913
2 4916
2 4918
2 4932
2 4935
2 4947
2 4958
2 4960
2 4961
2 4971
2 4973
2 4975
2 4978
2 4991
2 4995
2 4998
2 5012
2 5017
2 5019
2 5026
2 5033
2 5034
2 5036
2 5052
2 5071
2 5091
2 5106
2 5118
2 5126
2 5127
2 5128
2 5138
2 5151
2 5156
2 5174
2 5177
2 5196
2 5199
2 5204
2 5218
2 5220
2 5222
2 5223
2 5225
2 5228
2 5231
2 5236
2 5260
2 5266
2 5272
2 5275
2 5279
2 5319
2 5324
2 5326
2 5330
2 5342
2 5349
2 5351
2 5372
2 5378
2 5380
2 5392
2 5394
2 5403
2 5408
2 5420
2 5424
2 5428
2 5439
2 5450
2 5451
2 5458
2 5459
2 5462
2 5474
2 5491
2 5494
2 5499
2 5502
2 5507
2 5510
2 5511
2 5512
2 5514
2 5517
2 5518
2 5540
2 5545
2 5547
2 5567
2 5572
2 5593
2 5604
2 5622
2 5625
2 5628
2 5630
2 5633
2 5637
2 5646
2 5648
2 5656
2 5659
2 5663
2 5667
2 5668
2 5683
2 5688
2 5703
2 5716
2 5726
2 5728
2 5733
2 5745
2 5748
2 5766
2 5768
2 5786
2 5791
2 5792
2 5838
2 5839
2 5841
2 5856
2 5875
2 5878
2 5885
2 5905
2 5909
2 5914
2 5917
2 5931
2 5934
2 5937
2 5949
2 5966
2 5971
2 5974
2 5981
2 5991
2 5994
2 6002
2 6004
2 6008
2 6012
2 6025
2 6028
2 6035
2 6063
2 6064
2 6073
2 6076
2 6085
2 6089
2 6097
2 6099
2 6100
2 6114
2 6123
2 6131
2 6141
2 6146
2 6150
2 6154
2 6158
2 6159
2 6160
2 6174
2 6175
2 6176
2 6177
2 6184
2 6190
2 6194
2 6197
2 6202
2 6206
2 6229
2 6236
2 6244
2 6255
2 6262
2 6270
2 6272
2 6274
2 6275
2 6278
2 6296
2 6306
2 6311
2 6312
2 6319
2 6320
2 6323
2 6329
2 6332
2 6352
2 6374
2 6378
2 6386
2 6399
2 6405
2 6420
2 6422
2 6424
2 6425
2 6429
2 6431
2 6440
2 6444
2 6455
2 6461
2 6466
2 6470
2 6471
2 6476
2 6478
2 6483
2 6484
2 6504
2 6506
2 6511
2 6521
2 6529
2 6532
2 6539
2 6548
2 6556
2 6560
2 6570
2 6584
2 6586
2 6588
2 6592
2 6598
2 6604
2 6624
2 6626
2 6628
2 6631
2 6637
2 6643
2 6646
2 6651
2 6655
2 6656
2 6657
2 6659
2 6676
2 6684
2 6686
2 6689
2 6698
2 6706
2 6716
2 6727
2 6736
2 6739
2 6750
2 6761
2 6762
2 6765
2 6768
2 6812
2 6822
2 6825
2 6829
2 6833
2 6835
2 6856
2 6857
2 6864
2 6873
2 6879
2 6883
2 6890
2 6891
2 6894
2 6903
2 6917
2 6918
2 6941
2 6944
2 6946
2 6948
2 6949
2 6951
2 6956
2 6957
2 6964
2 6967
2 6976
2 6985
2 6988
2 6994
2 6996
2 7000
2 7002
2 7009
2 7043
2 7057
2 7066
2 7069
2 7072
2 7083
2 7088
2 7101
2 7108
2 7118
2 7119
2 7131
2 7148
2 7156
2 7157
2 7160
2 7165
2 7166
2 7167
2 7176
2 7179
2 7182
2 7205
2 7221
2 7224
2 7225
2 7229
2 7240
2 7247
2 7249
2 7252
2 7255
2 7260
2 7272
2 7275
2 7282
2 7291
2 7296
2 7299
2 7303
2 7305
2 7306
2 7311
2 7313
2 7318
2 7319
2 7321
2 7323
2 7337
2 7343
2 7347
2 7355
2 7356
2 7358
2 7360
2 7367
2 7393
2 7396
2 7397
2 7402
2 7404
2 7405
2 7410
2 7411
2 7422
2 7427
2 7431
2 7440
2 7445
2 7450
2 7452
2 7476
2 7480
2 7486
2 7495
2 7496
2 7507
2 7511
2 7521
2 7527
2 7541
2 7544
2 7546
2 7556
2 7558
2 7571
2 7603
2 7609
2 7614
2 7620
2 7639
2 7652
2 7654
2 7665
2 7673
2 7679
2 7688
2 7711
2 7722
2 7725
2 7731
2 7732
2 7738
2 7744
2 7759
2 7784
2 7785
2 7810
2 7819
2 7832
2 7843
2 7866
2 7874
2 7877
2 7879
2 7884
2 7885
2 7895
2 7902
2 7904
2 7906
2 7909
2 7915
2 7919
2 7920
2 7933
2 7934
2 7944
2 7952
2 7957
2 7960
2 7962
2 7985
2 7987
2 7992
2 7995
2 7999
2 8027
2 8033
2 8051
2 8058
2 8075
2 8079
2 8114
2 8116
2 8121
2 8127
2 8141
2 8147
2 8152
2 8153
2 8160
2 8166
2 8167
2 8169
2 8181
2 8185
2 8198
2 8201
2 8213
2 8214
2 8223
2 8227
2 8231
2 8243
2 8245
2 8248
2 8260
2 8264
2 8268
2 8271
2 8278
2 8296
2 8301
2 8344
2 8345
2 8351
2 8384
2 8385
2 8392
2 8404
2 8424
2 8437
2 8439
2 8445
2 8448
2 8449
2 8455
2 8474
2 8492
2 8496
2 8500
2 8503
2 8504
2 8510
2 8512
2 8519
2 8523
2 8529
2 8536
2 8551
2 8553
2 8562
2 8577
2 8579
2 8584
2 8599
2 8626
2 8632
2 8633
2 8676
2 8701
2 8715
2 8719
2 8726
2 8749
2 8757
2 8778
2 8807
2 8813
2 8817
2 8822
2 8825
2 8829
2 8839
2 8869
2 8876
2 8909
2 8913
2 8943
2 8946
2 8948
2 8962
2 8967
2 8974
2 8978
2 8984
2 8990
2 9001
2 9004
2 9013
2 9020
2 9021
2 9022
2 9024
2 9028
2 9036
2 9052
2 9053
2 9056
2 9062
2 9064
2 9067
2 9069
2 9070
2 9083
2 9087
2 9096
2 9097
2 9110
2 9118
2 9131
2 9133
2 9154
2 9163
2 9165
2 9188
2 9200
2 9211
2 9212
2 9225
2 9230
2 9232
2 9238
2 9249
2 9263
2 9276
2 9279
2 9295
2 9309
2 9312
2 9342
2 9364
2 9366
2 9375
2 9383
2 9384
2 9387
2 9393
2 9401
2 9402
2 9405
2 9442
2 9455
2 9463
2 9467
2 9470
2 9471
2 9474
2 9485
2 9506
2 9516
2 9520
2 9525
2 9528
2 9546
2 9559
2 9569
2 9574
2 9585
2 9587
2 9588
2 9589
2 9602
2 9603
2 9609
2 9616
2 9630
2 9635
2 9639
2 9671
2 9677
2 9679
2 9687
2 9717
2 9720
2 9737
2 9752
2 9755
2 9771
2 9775
2 9778
2 9791
2 9823
2 9827
2 9841
2 9850
2 9853
2 9868
2 9881
2 9882
2 9907
2 9945
2 9957
2 9974
2 9986
2 9991
2 9998
3 10004
3 10021
3 10026
3 10036
3 10043
3 10103
3 10107
3 10112
3 10122
3 10136
3 10138
3 10145
3 10165
3 10169
3 10189
3 10226
3 10229
3 10260
3 10261
3 10277
3 10281
3 10300
3 10318
3 10319
3 10320
3 10406
3 10461
3 10497
3 10545
3 10547
3 10557
3 10603
3 10625
3 10637
3 10682
3 10707
3 10731
3 10767
3 10787
3 10795
3 10815
3 10839
3 10845
3 10851
3 10862
3 10918
3 10947
3 10964
3 10965
3 11047
3 11071
3 11093
3 11096
3 11123
3 11147
3 11149
3 11160
3 11176
3 11219
3 11220
3 11249
3 11250
3 11279
3 11281
3 11299
3 11373
3 11374
3 11392
3 11404
3 11436
3 11453
3 11456
3 11488
3 11507
3 11524
3 11734
3 11816
3 11824
3 11835
3 11843
3 11849
3 11853
3 11862
3 11896
3 11936
3 11984
3 12034
3 12072
3 12074
3 12141
3 12209
3 12211
3 12217
3 12333
3 12336
3 12362
3 12416
3 12434
3 12436
3 12530
3 12537
3 12552
3 12582
3 12596
3 12612
3 12667
3 12733
3 12773
3 12778
3 12785
3 12799
3 12811
3 12824
3 13008
3 13032
3 13055
3 13067
3 13116
3 13198
3 13209
3 13213
3 13247
3 13252
3 13271
3 13355
3 13419
3 13438
3 13450
3 13464
3 13482
3 13488
3 13518
3 13522
3 13553
3 13689
3 13769
3 14027
3 14241
3 14274
3 14330
3 14374
3 14523
3 14532
3 14592
3 14613
3 14617
3 14663
3 14702
3 14726
3 14738
3 14743
3 14748
3 14750
3 14791
3 14793
3 14804
3 14853
3 14917
3 15012
3 15055
3 15061
3 15073
3 15089
3 15114
3 1512
3 15138
3 15218
3 15250
3 15331
3 1535
3 15359
3 15360
3 15400
3 15407
3 15411
3 1544
3 15447
3 15480
3 15509
3 15543
3 1555
3 15562
3 15583
3 15614
3 15615
3 1565
3 15690
3 15827
3 15857
3 15881
3 15919
3 15935
3 15938
3 16042
3 16054
3 16069
3 16084
3 16132
3 1614
3 16148
3 16264
3 16338
3 16404
3 16419
3 1647
3 16476
3 16490
3 16607
3 16625
3 1667
3 16759
3 16801
3 16825
3 16847
3 16855
3 1687
3 16899
3 16932
3 16942
3 16965
3 1697
3 16985
3 16992
3 17006
3 1708
3 17104
3 17112
3 17119
3 17127
3 17144
3 17184
3 17202
3 17204
3 1721
3 17216
3 17221
3 17229
3 17242
3 17248
3 17249
3 17251
3 17255
3 17278
3 17286
3 17304
3 17339
3 17346
3 17350
3 1736
3 17361
3 17385
3 17431
3 17474
3 1758
3 17929
3 17941
3 1800
3 1808
3 1811
3 1823
3 1825
3 1841
3 18478
3 18630
3 1874
3 18749
3 18756
3 18780
3 18821
3 18843
3 18967
3 1919
3 1920
3 1961
3 2024
3 2043
3 2045
3 2048
3 2049
3 2058
3 2059
3 2073
3 2076
3 2095
3 2109
3 2115
3 2153
3 2160
3 2161
3 2165
3 2166
3 2169
3 2170
3 2185
3 2201
3 2206
3 2210
3 2213
3 2234
3 2267
3 2268
3 2291
3 2299
3 2311
3 2323
3 2324
3 2351
3 2353
3 2361
3 2364
3 2395
3 2419
3 2423
3 2425
3 2431
3 2447
3 2457
3 2464
3 2474
3 2481
3 2486
3 2495
3 2499
3 2503
3 2519
3 2520
3 2535
3 2545
3 2552
3 2573
3 2576
3 2589
3 2598
3 2611
3 2617
3 2635
3 2643
3 2644
3 2654
3 2663
3 2670
3 2671
3 2673
3 2683
3 2686
3 2728
3 2740
3 2744
3 2746
3 2763
3 2765
3 2768
3 2773
3 2804
3 2809
3 2810
3 2824
3 2825
3 2829
3 2835
3 2856
3 2857
3 2901
3 2903
3 2919
3 2930
3 2943
3 2953
3 2989
3 2995
3 3004
3 3008
3 3012
3 3032
3 3038
3 3054
3 3060
3 3067
3 3069
3 3085
3 3088
3 3094
3 3111
3 3112
3 3116
3 3123
3 3127
3 3162
3 3178
3 3180
3 3183
3 3185
3 3187
3 3188
3 3195
3 3202
3 3207
3 3208
3 3234
3 3237
3 3238
3 3245
3 3246
3 3251
3 3252
3 3255
3 3267
3 3274
3 3284
3 3288
3 3294
3 3295
3 3300
3 3311
3 3327
3 3338
3 3360
3 3361
3 3363
3 3366
3 3371
3 3394
3 3396
3 3398
3 3412
3 3413
3 3431
3 3432
3 3433
3 3434
3 3452
3 3462
3 3468
3 3472
3 3477
3 3486
3 3487
3 3513
3 3516
3 3520
3 3529
3 3532
3 3536
3 3546
3 3556
3 3562
3 3566
3 3570
3 3599
3 3602
3 3623
3 3624
3 3644
3 3664
3 3668
3 3672
3 3690
3 3701
3 3710
3 3723
3 3746
3 3753
3 3769
3 3770
3 3783
3 3786
3 3795
3 3797
3 3810
3 3822
3 3832
3 3833
3 3856
3 3869
3 3871
3 3874
3 3879
3 3882
3 3888
3 3895
3 3913
3 3914
3 3917
3 3923
3 3954
3 3969
3 3976
3 4011
3 4023
3 4034
3 4036
3 4043
3 4052
3 4053
3 4064
3 4065
3 4066
3 4067
3 4072
3 4094
3 4112
3 4130
3 4145
3 4154
3 4157
3 4158
3 4169
3 4177
3 4183
3 4186
3 4192
3 4214
3 4219
3 4228
3 4230
3 4231
3 4235
3 4236
3 4242
3 4268
3 4271
3 4302
3 4304
3 4315
3 4342
3 4347
3 4358
3 4365
3 4373
3 4382
3 4386
3 4394
3 4404
3 4409
3 4415
3 4421
3 4430
3 4431
3 4441
3 4454
3 4464
3 4469
3 4475
3 4519
3 4524
3 4551
3 4572
3 4631
3 4632
3 4637
3 4657
3 4658
3 4678
3 4690
3 4699
3 4708
3 4718
3 4724
3 4756
3 4760
3 4762
3 4773
3 4789
3 4797
3 4801
3 4828
3 4831
3 4838
3 4842
3 4852
3 4854
3 4855
3 4886
3 4891
3 4908
3 4912
3 4939
3 4963
3 4967
3 4974
3 4982
3 5013
3 5022
3 5025
3 5032
3 5044
3 5064
3 5073
3 5078
3 5083
3 5112
3 5130
3 5135
3 5176
3 5214
3 5232
3 5244
3 5245
3 5248
3 5250
3 5278
3 5289
3 5316
3 5321
3 5335
3 5346
3 5364
3 5371
3 5400
3 5406
3 5423
3 5430
3 5431
3 5464
3 5484
3 5488
3 5493
3 5508
3 5515
3 5519
3 5543
3 5561
3 5585
3 5610
3 5627
3 5651
3 5682
3 5687
3 5711
3 5741
3 5742
3 5743
3 5753
3 5754
3 5759
3 5775
3 5801
3 5806
3 5824
3 5844
3 5902
3 5910
3 5912
3 5921
3 5922
3 5938
3 5948
3 5959
3 5977
3 5978
3 5995
3 6021
3 6043
3 6070
3 6129
3 6140
3 6142
3 6152
3 6180
3 6189
3 6199
3 6214
3 6216
3 6226
3 6267
3 6289
3 6290
3 6300
3 6305
3 6322
3 6324
3 6325
3 6327
3 6330
3 6366
3 6367
3 6375
3 6382
3 6394
3 6423
3 6434
3 6435
3 6449
3 6451
3 6453
3 6534
3 6543
3 6549
3 6553
3 6573
3 6587
3 6591
3 6600
3 6611
3 6614
3 6620
3 6634
3 6652
3 6674
3 6737
3 6743
3 6751
3 6757
3 6759
3 6820
3 6830
3 6850
3 6851
3 6882
3 6914
3 6922
3 6927
3 6942
3 6962
3 7017
3 7027
3 7029
3 7052
3 7058
3 7059
3 7063
3 7071
3 7102
3 7103
3 7141
3 7143
3 7145
3 7168
3 7210
3 7211
3 7227
3 7246
3 7259
3 7276
3 7287
3 7324
3 7328
3 7329
3 7340
3 7384
3 7399
3 7461
3 7513
3 7535
3 7557
3 7583
3 7618
3 7623
3 7672
3 7698
3 7824
3 7829
3 7857
3 7900
3 7903
3 7943
3 7948
3 7963
3 8001
3 8050
3 8078
3 8082
3 8090
3 8092
3 8100
3 8102
3 8122
3 8128
3 8165
3 8219
3 8277
3 8288
3 8292
3 8298
3 8324
3 8337
3 8359
3 8365
3 8413
3 8418
3 8419
3 8457
3 8473
3 8475
3 8478
3 8497
3 8501
3 8502
3 8546
3 8554
3 8572
3 8586
3 8591
3 8605
3 8659
3 8702
3 8706
3 8722
3 8759
3 8773
3 8797
3 8808
3 8833
3 8843
3 8853
3 8874
3 8908
3 8914
3 8924
3 8988
3 9043
3 9074
3 9122
3 9156
3 9175
3 9193
3 9213
3 9244
3 9245
3 9251
3 9284
3 9323
3 9328
3 9347
3 9350
3 9417
3 9482
3 9542
3 9545
3 9557
3 9566
3 9577
3 9641
3 9663
3 9674
3 9692
3 9706
3 9711
3 9742
3 9764
3 9812
3 9813
3 9814
3 9836
3 9859
3 9888
3 9906
3 9919
3 9932
3 9947
3 9956
3 9966
3 9967
3 9987
4 10000
4 10020
4 10072
4 10076
4 10080
4 10096
4 10118
4 10174
4 10180
4 10223
4 10267
4 10289
4 10309
4 10364
4 10396
4 10400
4 10412
4 10437
4 10451
4 10521
4 10564
4 10584
4 10593
4 10622
4 10702
4 10726
4 10751
4 10752
4 10782
4 10784
4 10812
4 10814
4 10824
4 10825
4 10830
4 10840
4 10854
4 10859
4 10869
4 10878
4 10921
4 10925
4 10930
4 10959
4 10979
4 10988
4 10992
4 11050
4 11065
4 11091
4 11092
4 11126
4 11137
4 11152
4 11235
4 11324
4 11412
4 11423
4 11459
4 11476
4 11490
4 11525
4 11531
4 11539
4 11541
4 11549
4 11696
4 11721
4 11723
4 11732
4 11752
4 11758
4 11771
4 11802
4 11918
4 11926
4 11979
4 11999
4 12023
4 12052
4 12070
4 12100
4 12114
4 12249
4 12279
4 12503
4 12624
4 12638
4 12641
4 12659
4 12843
4 12870
4 12914
4 12925
4 12958
4 12993
4 13066
4 13112
4 13149
4 13150
4 13293
4 13311
4 13337
4 13375
4 13832
4 13865
4 13990
4 14007
4 14008
4 14018
4 14084
4 14123
4 14143
4 14176
4 14189
4 14218
4 14288
4 14295
4 14345
4 14548
4 14598
4 14623
4 14626
4 14703
4 14710
4 14716
4 1477
4 14780
4 14802
4 14825
4 14972
4 15020
4 15153
4 15160
4 15167
4 15320
4 1538
4 15427
4 1554
4 15627
4 15656
4 15747
4 1575
4 15762
4 15784
4 1582
4 15822
4 15838
4 1584
4 15840
4 1585
4 15904
4 1597
4 15971
4 16027
4 1604
4 16049
4 16052
4 1609
4 16095
4 1612
4 1615
4 16185
4 16225
4 16233
4 1625
4 1628
4 1629
4 16346
4 16392
4 1645
4 16471
4 1652
4 16618
4 16816
4 16910
4 16989
4 17018
4 17088
4 17090
4 17108
4 17146
4 1716
4 17196
4 17205
4 17207
4 1722
4 17238
4 17250
4 17261
4 17264
4 17274
4 17284
4 17289
4 1730
4 17343
4 17382
4 17391
4 17393
4 1742
4 17434
4 17453
4 17516
4 17564
4 1760
4 1796
4 1799
4 1837
4 18427
4 18542
4 18567
4 1861
4 18647
4 1865
4 18703
4 18705
4 18706
4 18718
4 1873
4 18779
4 1878
4 18828
4 18841
4 1890
4 1894
4 1896
4 1904
4 1906
4 19171
4 1924
4 1930
4 19752
4 1981
4 2009
4 2017
4 20334
4 2040
4 2053
4 2067
4 2069
4 2074
4 20763
4 2079
4 2094
4 2103
4 2110
4 2117
4 2119
4 2129
4 2135
4 2146
4 2148
4 2154
4 2175
4 2177
4 2186
4 2188
4 2190
4 2191
4 2199
4 2207
4 2214
4 2227
4 2230
4 22334
4 2237
4 2249
4 2260
4 2269
4 2282
4 2298
4 2306
4 2307
4 2316
4 2325
4 2332
4 2337
4 2344
4 2345
4 2355
4 2388
4 2389
4 2396
4 2407
4 2455
4 2460
4 2496
4 2509
4 2510
4 2511
4 2518
4 2524
4 25317
4 2543
4 2554
4 2556
4 2569
4 2577
4 2578
4 2587
4 2599
4 2601
4 2619
4 2625
4 2632
4 2634
4 2675
4 2694
4 2701
4 2716
4 2736
4 2742
4 2757
4 2760
4 2762
4 2784
4 2800
4 2801
4 2817
4 2828
4 2843
4 2851
4 2869
4 2895
4 2912
4 2918
4 2939
4 2945
4 2950
4 2954
4 2977
4 2992
4 2993
4 3009
4 3011
4 3014
4 3029
4 3037
4 3045
4 3058
4 3061
4 3070
4 3077
4 3083
4 3089
4 3126
4 3141
4 3144
4 3148
4 3152
4 3184
4 3189
4 3215
4 3219
4 3224
4 3225
4 3257
4 3265
4 3285
4 3291
4 3304
4 3305
4 3326
4 3330
4 3339
4 3346
4 3375
4 3387
4 3388
4 3392
4 3393
4 3408
4 3410
4 3414
4 3416
4 3420
4 3442
4 3447
4 3461
4 3465
4 3476
4 3484
4 3504
4 3515
4 3518
4 3533
4 3568
4 3573
4 3588
4 3592
4 3593
4 3603
4 3606
4 3626
4 3635
4 3642
4 3645
4 3646
4 3657
4 3660
4 3674
4 3676
4 3683
4 3694
4 3697
4 3700
4 3727
4 3775
4 3802
4 3805
4 3823
4 3835
4 3843
4 3847
4 3859
4 3862
4 3894
4 3901
4 3905
4 3922
4 3925
4 3932
4 3936
4 3944
4 3968
4 3977
4 3984
4 4016
4 4030
4 4054
4 4056
4 4073
4 4100
4 4106
4 4108
4 4115
4 4117
4 4118
4 4127
4 4137
4 4142
4 4147
4 4150
4 4161
4 4165
4 4172
4 4178
4 4206
4 4217
4 4238
4 4247
4 4286
4 4309
4 4331
4 4355
4 4361
4 4370
4 4377
4 4393
4 4408
4 4414
4 4422
4 4426
4 4442
4 4452
4 4460
4 4465
4 4504
4 4539
4 4546
4 4585
4 4586
4 4595
4 4598
4 4603
4 4611
4 4627
4 4645
4 4653
4 4666
4 4684
4 4693
4 4704
4 4710
4 4714
4 4727
4 4733
4 4740
4 4751
4 4763
4 4767
4 4787
4 4795
4 4815
4 4841
4 4866
4 4881
4 4889
4 4899
4 4902
4 4904
4 4907
4 4914
4 4915
4 4917
4 4929
4 4930
4 4937
4 4949
4 4953
4 4988
4 4999
4 5001
4 5003
4 5037
4 5046
4 5100
4 5148
4 5149
4 5153
4 5187
4 5202
4 5221
4 5234
4 5239
4 5264
4 5271
4 5273
4 5304
4 5311
4 5328
4 5331
4 5338
4 5373
4 5374
4 5376
4 5397
4 5447
4 5449
4 5500
4 5505
4 5506
4 5532
4 5550
4 5564
4 5577
4 5600
4 5617
4 5634
4 5644
4 5690
4 5701
4 5724
4 5727
4 5732
4 5735
4 5757
4 5763
4 5796
4 5827
4 5832
4 5859
4 5876
4 5880
4 5881
4 5898
4 5907
4 5918
4 5951
4 5955
4 5967
4 5998
4 6011
4 6024
4 6046
4 6048
4 6053
4 6098
4 6102
4 6103
4 6109
4 6112
4 6116
4 6130
4 6132
4 6143
4 6157
4 6162
4 6171
4 6182
4 6209
4 6223
4 6228
4 6234
4 6235
4 6250
4 6261
4 6354
4 6356
4 6389
4 6408
4 6410
4 6416
4 6448
4 6473
4 6531
4 6545
4 6558
4 6578
4 6617
4 6673
4 6704
4 6720
4 6729
4 6730
4 6752
4 6756
4 6777
4 6785
4 6839
4 6872
4 6881
4 6889
4 6932
4 6971
4 6977
4 6999
4 7011
4 7024
4 7037
4 7075
4 7078
4 7091
4 7107
4 7116
4 7163
4 7223
4 7228
4 7234
4 7244
4 7274
4 7294
4 7297
4 7336
4 7338
4 7401
4 7409
4 7500
4 7519
4 7553
4 7564
4 7575
4 7581
4 7582
4 7601
4 7619
4 7631
4 7668
4 7671
4 7685
4 7690
4 7699
4 7761
4 7769
4 7792
4 7802
4 7825
4 7827
4 7847
4 7859
4 7862
4 7918
4 8000
4 8006
4 8022
4 8053
4 8066
4 8176
4 8215
4 8237
4 8238
4 8240
4 8255
4 8257
4 8287
4 8291
4 8320
4 8325
4 8331
4 8349
4 8374
4 8380
4 8398
4 8417
4 8432
4 8545
4 8569
4 8574
4 8585
4 8594
4 8609
4 8611
4 8645
4 8669
4 8671
4 8682
4 8688
4 8743
4 8769
4 8816
4 8819
4 8820
4 8877
4 8891
4 8897
4 8907
4 8912
4 8918
4 8959
4 8982
4 9017
4 9045
4 9051
4 9109
4 9144
4 9157
4 9178
4 9202
4 9203
4 9214
4 9218
4 9292
4 9338
4 9360
4 9388
4 9411
4 9449
4 9461
4 9517
4 9531
4 9612
4 9627
4 9662
4 9699
4 9713
4 9714
4 9715
4 9912
4 9952
4 9993
5 10022
5 10047
5 10093
5 10108
5 10240
5 10252
5 10254
5 10326
5 10344
5 10383
5 10486
5 10585
5 10600
5 10652
5 10843
5 10896
5 10975
5 10993
5 11016
5 11026
5 11268
5 11498
5 11604
5 11613
5 11703
5 11712
5 11727
5 11785
5 11857
5 11939
5 11970
5 11982
5 11992
5 12017
5 12084
5 12097
5 12165
5 12567
5 12988
5 12989
5 13317
5 13766
5 13909
5 14366
5 1463
5 14640
5 1466
5 1474
5 14863
5 14963
5 14964
5 15119
5 1528
5 15340
5 1571
5 15723
5 15775
5 1588
5 1600
5 1610
5 16223
5 1623
5 1631
5 16383
5 16384
5 16448
5 1654
5 16545
5 1661
5 1668
5 16774
5 16979
5 17028
5 1703
5 1707
5 17148
5 17182
5 17212
5 17220
5 1723
5 17232
5 17259
5 17270
5 17324
5 1734
5 17347
5 1745
5 17460
5 1755
5 1781
5 1815
5 1848
5 18648
5 18684
5 1869
5 18698
5 18713
5 18740
5 18811
5 1900
5 1909
5 1934
5 1946
5 1962
5 1968
5 1972
5 1987
5 1989
5 1993
5 2008
5 2016
5 2025
5 2027
5 2032
5 2065
5 2071
5 2086
5 2104
5 2112
5 2123
5 2174
5 2179
5 2192
5 2193
5 2204
5 2212
5 2244
5 2252
5 2292
5 2310
5 2314
5 2321
5 2328
5 2333
5 2335
5 2338
5 2352
5 2371
5 2375
5 2380
5 2412
5 2414
5 2427
5 2434
5 2435
5 2438
5 2440
5 2446
5 2453
5 2458
5 2470
5 24760
5 2480
5 2489
5 2491
5 2504
5 2529
5 2530
5 2546
5 2584
5 2590
5 2623
5 2660
5 2672
5 2700
5 2703
5 2714
5 2718
5 2723
5 2778
5 2795
5 2796
5 2799
5 2811
5 2818
5 2839
5 2840
5 2842
5 2854
5 2884
5 2891
5 2922
5 2967
5 3007
5 3013
5 3019
5 3033
5 3036
5 3041
5 3042
5 3055
5 3102
5 3118
5 3122
5 3143
5 3163
5 3165
5 3220
5 3227
5 3228
5 3241
5 3243
5 3263
5 3296
5 3298
5 3334
5 3352
5 3365
5 3374
5 3391
5 3457
5 3469
5 3498
5 3502
5 3519
5 3522
5 3523
5 3527
5 3549
5 3558
5 3627
5 3636
5 3638
5 3679
5 3687
5 3691
5 3699
5 3721
5 3754
5 3772
5 3793
5 3820
5 3826
5 3831
5 3836
5 3865
5 3870
5 3887
5 3896
5 3904
5 3937
5 3953
5 3960
5 3966
5 3972
5 3988
5 4000
5 4014
5 4025
5 4035
5 4051
5 4097
5 4113
5 4126
5 4153
5 4159
5 4160
5 4208
5 4229
5 4253
5 4254
5 4266
5 4269
5 4288
5 4289
5 4317
5 4335
5 4343
5 4374
5 4387
5 4399
5 4406
5 4438
5 4491
5 4499
5 4531
5 4556
5 4564
5 4573
5 4576
5 4578
5 4588
5 4594
5 4605
5 4609
5 4610
5 4633
5 4673
5 4676
5 4715
5 4717
5 4734
5 4780
5 4809
5 4858
5 4865
5 4871
5 4887
5 4888
5 4895
5 4911
5 4934
5 4966
5 4985
5 5081
5 5094
5 5104
5 5113
5 5120
5 5169
5 5184
5 5189
5 5224
5 5277
5 5350
5 5367
5 5405
5 5437
5 5465
5 5541
5 5558
5 5570
5 5573
5 5576
5 5584
5 5594
5 5700
5 5705
5 5710
5 5751
5 5761
5 5776
5 5787
5 5803
5 5805
5 5846
5 5874
5 5877
5 5919
5 5936
5 5986
5 6013
5 6022
5 6034
5 6036
5 6071
5 6090
5 6205
5 6219
5 6245
5 6283
5 6293
5 6400
5 6432
5 6456
5 6477
5 6526
5 6615
5 6671
5 6687
5 6694
5 6811
5 6855
5 6867
5 6893
5 6950
5 7034
5 7053
5 7068
5 7121
5 7128
5 7147
5 7258
5 7363
5 7412
5 7429
5 7463
5 7478
5 7494
5 7536
5 7579
5 7622
5 7702
5 7774
5 7978
5 8010
5 8077
5 8081
5 8099
5 8203
5 8279
5 8306
5 8370
5 8486
5 8534
5 8541
5 8603
5 8707
5 8737
5 8791
5 8835
5 8859
5 8983
5 9044
5 9112
5 9132
5 9242
5 9371
5 9379
5 9427
5 9444
5 9615
5 9665
5 9746
5 9807
5 9817
5 9843
5 9848
5 9865
5 9997
6 10048
6 10114
6 10214
6 10302
6 10528
6 10706
6 10734
6 10773
6 10888
6 10939
6 10974
6 11086
6 11174
6 11195
6 11213
6 11232
6 11236
6 11255
6 11270
6 11290
6 11421
6 11547
6 11658
6 11708
6 11784
6 11891
6 11986
6 12054
6 12128
6 12184
6 12216
6 12326
6 12370
6 12382
6 12383
6 12497
6 12695
6 12750
6 13006
6 13372
6 13811
6 14334
6 14405
6 14544
6 14682
6 1473
6 14759
6 14844
6 1486
6 1490
6 1492
6 14938
6 1501
6 1526
6 15312
6 15333
6 15357
6 15377
6 15746
6 16060
6 16083
6 16197
6 1624
6 1633
6 16353
6 1648
6 1650
6 1665
6 16712
6 1672
6 16756
6 1701
6 1709
6 17142
6 1715
6 17159
6 17239
6 17241
6 17256
6 17285
6 17314
6 17325
6 1735
6 17386
6 1747
6 1765
6 1773
6 1789
6 1794
6 1802
6 1809
6 1810
6 1814
6 18259
6 1827
6 1853
6 1867
6 18752
6 1893
6 1905
6 1912
6 1954
6 1960
6 1979
6 1986
6 2002
6 2019
6 2028
6 2035
6 2036
6 2038
6 2060
6 2078
6 2102
6 2111
6 2114
6 2120
6 2126
6 2147
6 2163
6 2184
6 2195
6 2203
6 2215
6 2219
6 2228
6 2236
6 2241
6 2242
6 2246
6 2254
6 2259
6 22731
6 2275
6 2280
6 22818
6 2286
6 2313
6 2317
6 2339
6 2360
6 2399
6 2421
6 2426
6 2432
6 2466
6 2469
6 2484
6 2497
6 2508
6 2515
6 2522
6 2523
6 2538
6 2540
6 2542
6 2551
6 2564
6 2565
6 2583
6 2596
6 2600
6 2604
6 2605
6 2614
6 2615
6 2622
6 2628
6 2633
6 2645
6 2646
6 2648
6 2650
6 2655
6 2666
6 2691
6 2702
6 2712
6 2754
6 2759
6 2761
6 2771
6 2782
6 2794
6 2802
6 2820
6 2832
6 2837
6 2860
6 2864
6 2868
6 2879
6 2885
6 2907
6 2908
6 2927
6 2969
6 2973
6 2974
6 3017
6 3050
6 3064
6 3072
6 3073
6 3075
6 3080
6 3107
6 3115
6 3121
6 3124
6 3137
6 3175
6 3186
6 3201
6 3212
6 3223
6 3272
6 3297
6 3310
6 3316
6 3335
6 3349
6 3373
6 3390
6 3425
6 3439
6 3497
6 3500
6 3521
6 3540
6 3551
6 3559
6 3581
6 3597
6 3621
6 3648
6 3673
6 3705
6 3722
6 3767
6 3799
6 3819
6 3872
6 3931
6 3943
6 3949
6 3955
6 4041
6 4084
6 4091
6 4146
6 4222
6 4322
6 4348
6 4364
6 4390
6 4416
6 4429
6 4459
6 4513
6 4613
6 4663
6 4677
6 4691
6 4755
6 4835
6 4848
6 4868
6 4923
6 4941
6 4984
6 4990
6 4992
6 5004
6 5023
6 5030
6 5054
6 5092
6 5162
6 5171
6 5249
6 5262
6 5370
6 5457
6 5523
6 5611
6 5614
6 5681
6 5689
6 5704
6 5709
6 5765
6 5799
6 5814
6 5860
6 5864
6 5886
6 5923
6 6088
6 6091
6 6161
6 6201
6 6224
6 6252
6 6287
6 6292
6 6337
6 6362
6 6385
6 6465
6 6501
6 6559
6 6562
6 6599
6 6609
6 6613
6 6642
6 6746
6 6771
6 6925
6 6937
6 6945
6 7213
6 7406
6 7416
6 7509
6 7651
6 7653
6 7716
6 7726
6 7865
6 7953
6 8096
6 8204
6 8310
6 8530
6 8556
6 8561
6 8667
6 8875
6 8888
6 9006
6 9066
6 9072
6 9150
6 9267
6 9268
6 9340
6 9429
6 9468
6 9511
6 9534
6 9540
6 9549
6 9584
6 9632
6 9809
6 9917
6 9961
7 10167
7 10262
7 10525
7 10558
7 10699
7 10788
7 11188
7 11883
7 12088
7 12645
7 13191
7 13236
7 13327
7 14023
7 14162
7 1456
7 1485
7 14871
7 1489
7 14904
7 1493
7 1505
7 15107
7 1511
7 15193
7 1536
7 1541
7 1549
7 1557
7 1595
7 1632
7 1655
7 1662
7 1669
7 1684
7 1689
7 1699
7 17121
7 17237
7 17254
7 17265
7 17303
7 17311
7 1739
7 1761
7 1766
7 1795
7 1798
7 1807
7 1819
7 1826
7 1829
7 1835
7 1849
7 1852
7 1856
7 1862
7 18685
7 1872
7 18876
7 1902
7 1908
7 1926
7 1941
7 1944
7 1947
7 1950
7 1982
7 1998
7 2005
7 2010
7 2012
7 2026
7 2051
7 2064
7 2072
7 2138
7 2151
7 2159
7 2168
7 2200
7 2218
7 2221
7 2289
7 2341
7 2374
7 2376
7 2397
7 2406
7 2442
7 2445
7 2465
7 2472
7 2493
7 2512
7 2525
7 2562
7 2582
7 2606
7 2612
7 2620
7 2637
7 2676
7 2704
7 2724
7 2729
7 2756
7 2764
7 2772
7 2791
7 2805
7 2807
7 2808
7 2834
7 2859
7 2897
7 2914
7 3002
7 3100
7 3129
7 3159
7 3164
7 3167
7 3190
7 3193
7 3229
7 3248
7 3299
7 3307
7 3308
7 3319
7 3320
7 3321
7 3356
7 3358
7 3400
7 3419
7 3451
7 3458
7 3459
7 3490
7 3577
7 3584
7 3596
7 3608
7 3634
7 3650
7 3693
7 3725
7 3748
7 3765
7 3771
7 3798
7 3800
7 3816
7 3850
7 3876
7 3892
7 3911
7 3974
7 4086
7 4151
7 4198
7 4276
7 4285
7 4295
7 4434
7 4440
7 4568
7 4638
7 4672
7 4814
7 4819
7 4845
7 4926
7 4946
7 5024
7 5067
7 5114
7 5142
7 5211
7 5268
7 5487
7 5497
7 5501
7 5504
7 5520
7 5521
7 5562
7 5714
7 5722
7 5723
7 5756
7 5780
7 5781
7 5797
7 5852
7 5873
7 5888
7 5952
7 6014
7 6083
7 6105
7 6240
7 6257
7 6291
7 6359
7 6370
7 6445
7 6547
7 6582
7 6786
7 7036
7 7038
7 7074
7 7219
7 7278
7 7382
7 7417
7 7456
7 7592
7 7727
7 7752
7 7878
7 8025
7 8117
7 8177
7 8182
7 8293
7 8450
7 8517
7 8674
7 8691
7 8728
7 8846
7 8955
7 9529
7 9760
8 10055
8 10067
8 10128
8 10689
8 11151
8 11669
8 11892
8 12132
8 12214
8 12263
8 12456
8 12480
8 1332
8 13378
8 13843
8 14082
8 14259
8 14390
8 1462
8 1487
8 1497
8 1502
8 1508
8 1548
8 1568
8 1570
8 1583
8 1598
8 1622
8 1626
8 16377
8 1651
8 16579
8 1658
8 1663
8 1666
8 1681
8 16944
8 1706
8 1717
8 17189
8 17271
8 17309
8 17364
8 1743
8 17477
8 1764
8 1771
8 1818
8 1830
8 18363
8 1838
8 1840
8 1845
8 18874
8 1892
8 1895
8 1897
8 1899
8 1907
8 1910
8 1913
8 1916
8 1918
8 1938
8 1966
8 1974
8 1977
8 1978
8 1991
8 1992
8 2003
8 2014
8 2015
8 2090
8 2100
8 2101
8 2128
8 2139
8 2143
8 2145
8 2158
8 2178
8 2233
8 2238
8 2250
8 2255
8 2261
8 2273
8 2405
8 2409
8 2429
8 2439
8 2478
8 2521
8 2558
8 2566
8 2568
8 2571
8 2574
8 2585
8 2597
8 2603
8 2607
8 2630
8 2631
8 2652
8 2705
8 2709
8 2792
8 2822
8 2830
8 2872
8 2917
8 2926
8 2941
8 2961
8 2975
8 2984
8 3003
8 3022
8 3023
8 3056
8 3074
8 3076
8 3084
8 3106
8 3117
8 3131
8 3158
8 3176
8 3210
8 3230
8 3276
8 3282
8 3302
8 3329
8 3353
8 3359
8 3418
8 3456
8 3467
8 3475
8 3492
8 3514
8 3589
8 3595
8 3654
8 3702
8 3720
8 3737
8 3744
8 3763
8 3789
8 3809
8 3840
8 3844
8 3900
8 3934
8 3965
8 3987
8 3990
8 4044
8 4143
8 4188
8 4225
8 4244
8 4300
8 4323
8 4385
8 4498
8 4517
8 4561
8 4590
8 4695
8 4761
8 4779
8 4786
8 4829
8 4859
8 4940
8 4968
8 5047
8 5069
8 5122
8 5123
8 5185
8 5357
8 5845
8 6081
8 6121
8 6350
8 6383
8 6577
8 6608
8 6700
8 6810
8 7039
8 7042
8 7047
8 7423
8 7569
8 7669
8 7786
8 7793
8 8132
8 8358
8 8631
8 8673
8 8727
8 8949
8 9153
8 9521
8 9532
8 9666
8 9729
8 9972
9 10186
9 10187
9 10376
9 10390
9 1103
9 11753
9 12157
9 1270
9 1290
9 13670
9 13848
9 14053
9 1461
9 1467
9 1482
9 1488
9 1515
9 1523
9 1525
9 1529
9 1552
9 1561
9 1591
9 1621
9 1656
9 1657
9 1670
9 1678
9 1682
9 1690
9 17179
9 17262
9 17338
9 1757
9 1763
9 1790
9 1821
9 1847
9 1850
9 1851
9 1881
9 1889
9 1891
9 1939
9 1952
9 1958
9 1965
9 1971
9 2001
9 2011
9 2022
9 2031
9 2041
9 2091
9 2105
9 2108
9 2149
9 2156
9 2198
9 2205
9 2232
9 2245
9 2256
9 2293
9 2368
9 2383
9 2400
9 2473
9 2492
9 2505
9 2506
9 2541
9 2575
9 2661
9 2662
9 2667
9 2679
9 2706
9 2730
9 2731
9 2751
9 2777
9 2788
9 2819
9 2944
9 2948
9 2972
9 3150
9 3235
9 3273
9 3343
9 3407
9 3441
9 3473
9 3525
9 3567
9 3607
9 3716
9 3751
9 3838
9 3864
9 3867
9 3950
9 4088
9 4096
9 4215
9 4424
9 4506
9 4550
9 4862
9 5163
9 5298
9 5310
9 5314
9 5391
9 5932
9 6953
9 7001
9 7060
9 7090
9 7316
9 7361
9 7822
9 7922
9 7923
9 8780
9 8855
9 9071
9 9101
9 9180
9 9620
9 9904
10 10733
10 10735
10 10740
10 1133
10 11684
10 12572
10 1275
10 1346
10 1366
10 1383
10 1469
10 1479
10 1484
10 1546
10 1558
10 1559
10 1560
10 1576
10 1580
10 1581
10 1593
10 1613
10 1726
10 1731
10 1738
10 17400
10 17414
10 1749
10 1787
10 17885
10 1828
10 1831
10 1844
10 18526
10 1863
10 1871
10 1877
10 18850
10 1911
10 1937
10 1973
10 1984
10 1990
10 2021
10 2034
10 2056
10 2075
10 2084
10 2116
10 2118
10 2122
10 2124
10 2134
10 2211
10 2222
10 2231
10 2235
10 2272
10 2277
10 2284
10 2300
10 2322
10 2327
10 2334
10 2343
10 2347
10 2358
10 2365
10 2384
10 2385
10 2386
10 2394
10 2420
10 2424
10 2461
10 2513
10 2561
10 2602
10 2680
10 2682
10 2715
10 2877
10 2898
10 2933
10 2971
10 2982
10 3157
10 3169
10 3214
10 3232
10 3260
10 3378
10 3399
10 3583
10 3601
10 3631
10 3669
10 3726
10 3785
10 3787
10 3886
10 4021
10 4089
10 4104
10 4109
10 4245
10 4260
10 4371
10 4484
10 4488
10 4540
10 4741
10 4783
10 4925
10 5072
10 5207
10 5255
10 5533
10 5942
10 6979
10 6980
10 7135
10 7872
10 7897
10 9201
11 10739
11 1163
11 12083
11 12543
11 1335
11 1337
11 13918
11 1399
11 14139
11 1427
11 1468
11 1478
11 1499
11 1504
11 1545
11 1563
11 1564
11 1566
11 1605
11 1617
11 1618
11 1636
11 1653
11 1704
11 17203
11 17231
11 17281
11 17337
11 17349
11 1775
11 1779
11 1786
11 1793
11 1816
11 1860
11 18863
11 1903
11 1936
11 1940
11 1943
11 2046
11 2050
11 2052
11 2061
11 2077
11 2088
11 2089
11 2127
11 2130
11 2136
11 2226
11 2264
11 2288
11 2294
11 2296
11 2319
11 2330
11 2357
11 2359
11 2490
11 2537
11 2548
11 2560
11 2570
11 2581
11 2609
11 2733
11 2734
11 2743
11 2747
11 2753
11 2847
11 2852
11 2892
11 2980
11 3034
11 3110
11 3133
11 3368
11 3369
11 3611
11 3613
11 3618
11 3963
11 4389
11 4511
11 5060
11 5920
11 6800
11 7003
11 7280
11 7430
11 7649
11 7686
11 8734
11 9164
11 9181
11 9423
11 9440
12 10789
12 1150
12 12310
12 12532
12 12759
12 12933
12 14091
12 1410
12 1433
12 1475
12 1481
12 1531
12 1550
12 1567
12 15673
12 1589
12 1616
12 1635
12 1695
12 1698
12 1700
12 17320
12 1737
12 1741
12 1759
12 1774
12 1788
12 1792
12 1812
12 18691
12 1884
12 1931
12 1948
12 1976
12 1983
12 1996
12 1999
12 2007
12 2037
12 2062
12 2133
12 2150
12 2155
12 2176
12 2223
12 2304
12 2326
12 2331
12 2475
12 2479
12 2629
12 2656
12 2664
12 2665
12 2674
12 2695
12 2696
12 2814
12 2841
12 2983
12 2991
12 3021
12 3040
12 3095
12 3268
12 3277
12 3354
12 3355
12 3686
12 3719
12 4069
12 4356
12 4626
12 4726
12 4890
12 5031
12 5186
12 5269
12 7818
13 11435
13 1183
13 1277
13 1315
13 1403
13 1448
13 1471
13 1476
13 15104
13 1513
13 1542
13 1562
13 1578
13 1601
13 1603
13 1620
13 1640
13 1659
13 1727
13 1762
13 1797
13 1806
13 1854
13 1870
13 1876
13 1879
13 1917
13 1921
13 1985
13 2066
13 2171
13 2305
13 2370
13 2381
13 2448
13 2451
13 2467
13 2471
13 2594
13 2806
13 3087
13 3239
13 3455
13 3729
13 3989
13 8232
14 10220
14 1112
14 1129
14 11680
14 1426
14 14499
14 1483
14 1498
14 1506
14 1608
14 1627
14 1646
14 1674
14 1683
14 17095
14 1710
14 1719
14 17233
14 1733
14 1744
14 1767
14 1772
14 1776
14 1803
14 18549
14 1898
14 1956
14 1970
14 1980
14 2013
14 2029
14 20308
14 2057
14 2063
14 2085
14 2144
14 2181
14 2229
14 2265
14 2285
14 2398
14 2627
14 2748
14 2881
14 2985
14 3435
14 3483
14 3605
14 3643
14 4001
14 4380
14 4670
14 4745
14 5061
14 5292
14 5384
14 5624
14 6413
14 7173
14 7434
14 7522
14 7689
14 8172
14 9356
15 1071
15 1286
15 13481
15 13762
15 1514
15 1553
15 1644
15 1660
15 1671
15 1677
15 1686
15 1720
15 1824
15 18425
15 1885
15 18853
15 1886
15 2092
15 21271
15 21358
15 2167
15 2354
15 2372
15 2463
15 2498
15 2613
15 3043
15 5432
16 1030
16 1079
16 1110
16 1123
16 1134
16 1266
16 1299
16 1347
16 1362
16 1378
16 1404
16 1430
16 1431
16 1445
16 1472
16 1496
16 1530
16 1586
16 1590
16 1619
16 1673
16 1713
16 17244
16 1875
16 1922
16 1945
16 1995
16 2157
16 2172
16 2194
16 2402
16 2494
16 2586
16 2745
16 3417
16 4193
16 4227
16 4451
17 1114
17 1237
17 1284
17 1387
17 1392
17 1524
17 1592
17 17296
17 1732
17 1746
17 1752
17 1754
17 1901
17 1923
17 1963
17 1967
17 2411
17 2482
17 2501
17 2766
17 2904
18 1094
18 1120
18 1132
18 1206
18 1311
18 1373
18 1446
18 1500
18 1510
18 1602
18 17223
18 17322
18 1801
18 1935
18 2055
18 2189
18 2276
18 2616
18 2861
18 3096
18 3999
19 10725
19 1165
19 1191
19 11988
19 1217
19 1228
19 1247
19 1297
19 1307
19 1355
19 1369
19 1371
19 1457
19 1465
19 1639
19 1694
19 17275
19 1740
19 1751
19 1864
19 18860
19 1929
19 1932
19 2004
19 2137
19 2164
19 21768
19 2208
19 2500
19 2920
19 3231
19 3286
20 1045
20 1127
20 1155
20 1193
20 1372
20 1381
20 1413
20 14600
20 18548
20 1997
20 2209
20 2240
20 2312
20 3101
20 3261
20 3480
20 3512
21 1077
21 1082
21 1125
21 11762
21 1188
21 1253
21 1267
21 1283
21 13140
21 1322
21 1339
21 1353
21 1358
21 1503
21 1753
21 1783
21 1804
21 1887
21 1957
21 2263
21 2362
21 2378
21 2547
21 2684
22 1029
22 1036
22 10873
22 1190
22 1200
22 1257
22 1258
22 1273
22 1416
22 1458
22 1480
22 1518
22 15738
22 1579
22 17276
22 1813
22 1955
22 1969
22 2142
22 2202
22 2224
22 2302
22 5840
23 1143
23 1203
23 1331
23 1354
23 1368
23 1384
23 1405
23 1453
23 15534
23 1649
23 1679
23 1685
23 1696
23 1843
23 3322
23 6351
23 6528
23 9255
23 9381
24 10188
24 1046
24 1058
24 1073
24 1085
24 1116
24 1181
24 1240
24 1269
24 1293
24 1309
24 1344
24 1361
24 13796
24 1425
24 1507
24 1692
24 1693
24 1705
24 17323
24 1949
24 6144
24 9422
25 10181
25 1033
25 1035
25 10509
25 1144
25 11740
25 12008
25 1222
25 1255
25 1272
25 1294
25 1338
25 1349
25 1382
25 1439
25 2216
25 2262
25 2459
25 4272
25 501
25 8979
26 1060
26 1064
26 1076
26 1098
26 1115
26 1128
26 1235
26 1300
26 1303
26 1321
26 1340
26 1357
26 1414
26 1452
26 1534
26 17272
26 1780
26 18788
26 2081
26 4547
26 5147
26 5422
26 8148
27 1099
27 1106
27 1109
27 1119
27 11424
27 1205
27 1219
27 1248
27 1256
27 1282
27 1406
27 1495
27 1607
27 1675
27 17071
27 17243
27 17279
27 1834
27 1842
27 2340
27 2563
27 3281
27 3929
27 4625
27 6253
27 6276
27 8760
27 9465
28 1003
28 1053
28 10718
28 1145
28 1250
28 1385
28 1432
28 1611
28 1784
28 2320
28 3006
28 4149
28 5180
28 965
29 10496
29 1105
29 1107
29 11237
29 1130
29 11337
29 1136
29 11445
29 11519
29 11523
29 1156
29 1189
29 1260
29 1314
29 1375
29 1376
29 1388
29 1436
29 1509
29 1533
29 17180
29 1791
29 1858
29 18681
29 18783
29 2121
29 2141
29 4425
29 4533
29 4955
29 9661
29 9682
30 1028
30 1131
30 1171
30 1215
30 1287
30 1341
30 13655
30 1395
30 17023
30 2097
30 2749
30 27740
30 4087
30 9925
31 10549
31 1087
31 1093
31 1149
31 1151
31 1157
31 1195
31 1220
31 1227
31 1249
31 1254
31 1317
31 13204
31 13408
31 1356
31 1360
31 13809
31 1402
31 1676
31 1711
31 1988
31 2042
31 2247
31 2437
31 2592
31 2722
31 2853
31 3401
31 3411
31 3604
31 4204
31 974
32 10304
32 11300
32 11505
32 1173
32 1214
32 1233
32 1245
32 1295
32 1296
32 1327
32 1377
32 1419
32 1429
32 1454
32 17315
32 1959
32 2890
32 4350
32 6542
32 855
32 962
33 1026
33 1121
33 1148
33 1160
33 1164
33 1170
33 1172
33 1179
33 1186
33 12670
33 1271
33 12897
33 1323
33 1336
33 1386
33 1422
33 1442
33 1532
33 17195
33 17294
33 1817
33 1914
33 2196
33 2997
33 3136
33 3506
33 4330
33 983
34 1051
34 1080
34 1100
34 1111
34 1154
34 1161
34 1187
34 1288
34 1329
34 1365
34 1420
34 17198
34 18090
34 2283
34 2669
34 2836
34 3153
34 3379
34 3505
34 7300
34 8423
35 1072
35 1086
35 1091
35 1199
35 1208
35 1241
35 1330
35 14275
35 14497
35 1451
35 17298
35 1770
35 2526
35 2883
35 2947
35 3128
35 6149
35 875
35 955
36 1044
36 10568
36 1062
36 10756
36 1162
36 1223
36 1264
36 1276
36 1389
36 1397
36 1438
36 1441
36 14426
36 14435
36 1455
36 1569
36 17293
36 1785
36 2528
36 26280
36 3081
36 3952
36 4005
36 4248
36 5718
36 778
36 831
36 847
36 854
36 9216
37 1015
37 1056
37 1090
37 10996
37 1146
37 1167
37 1274
37 1318
37 1319
37 1415
37 1421
37 1459
37 1691
37 21312
37 21372
37 2197
37 2251
37 2707
37 3980
37 4201
37 4832
37 5940
37 7186
37 7682
37 898
37 908
38 1142
38 1207
38 1218
38 1268
38 1285
38 1312
38 1412
38 1521
38 1522
38 2030
38 4599
38 5927
38 823
39 10363
39 1097
39 1210
39 1224
39 1464
39 17292
39 1756
39 2087
39 2956
39 3293
39 3662
39 3709
39 5075
39 7908
39 830
39 836
39 8965
40 1031
40 1042
40 1081
40 1122
40 11639
40 1211
40 1310
40 1408
40 1428
40 1444
40 1540
40 1547
40 1641
40 16440
40 2258
40 2377
40 2934
40 3173
40 4252
40 4821
40 6623
40 7049
40 8488
41 1025
41 1034
41 10421
41 1043
41 1066
41 1135
41 1137
41 1168
41 1192
41 1243
41 12571
41 1409
41 1494
41 1702
41 17273
41 2093
41 2106
41 2131
41 2593
41 3854
41 4099
41 587
41 613
41 923
41 969
42 10196
42 11865
42 1230
42 1236
42 1262
42 1379
42 1516
42 1768
42 1836
42 1888
42 4068
42 758
42 903
42 9479
42 948
43 1037
43 1117
43 1126
43 1229
43 1244
43 12818
43 1308
43 1423
43 16214
43 1680
43 17222
43 17230
43 1846
43 1855
43 2544
43 3531
43 440
43 6824
43 743
43 8694
43 939
43 980
44 1048
44 1202
44 1246
44 1298
44 1328
44 1342
44 1401
44 1574
44 1724
44 2039
44 2318
44 5713
44 6983
44 767
44 8741
44 889
45 1005
45 1011
45 1021
45 1063
45 1124
45 1176
45 1213
45 1263
45 1367
45 1449
45 2422
45 2507
45 2878
45 651
45 711
45 7369
45 838
45 927
46 1020
46 1040
46 1054
46 1177
46 1443
46 18920
46 2044
46 2054
46 2608
46 6847
46 7164
46 752
46 9704
46 991
47 1007
47 1050
47 1052
47 1096
47 1139
47 1252
47 1316
47 1688
47 1868
47 1883
47 18845
47 2173
47 2436
47 3849
47 731
47 750
47 845
48 1178
48 1239
48 1259
48 1390
48 17348
48 1859
48 2113
48 2239
48 2752
48 4077
48 5038
48 5190
48 694
48 864
48 884
48 9321
48 971
49 1166
49 1232
49 1394
49 17297
49 1777
49 408
49 575
49 624
49 9433
49 976
49 990
50 1017
50 1032
50 1065
50 1068
50 1251
50 1326
50 579
50 835
50 984
51 1006
51 1194
51 1396
51 1418
51 2379
51 543
51 629
51 715
51 737
51 977
51 986
52 1038
52 1089
52 1175
52 1334
52 1638
52 3222
52 571
52 725
52 747
52 874
52 968
53 1027
53 1084
53 1153
53 1231
53 1437
53 1543
53 1925
53 2531
53 696
53 865
53 881
54 1022
54 1055
54 1305
54 1352
54 17321
54 2082
54 573
54 8192
54 841
54 846
54 904
54 978
55 1023
55 1279
55 18404
55 2287
55 576
55 796
55 811
55 856
55 860
55 896
55 917
55 935
55 940
55 966
56 1324
56 1539
56 18929
56 664
56 775
56 876
57 1212
57 1280
57 1400
57 691
57 848
57 871
57 900
57 922
57 945
57 947
57 957
58 1010
58 1104
58 1201
58 1517
58 2162
58 494
58 544
58 741
58 809
58 894
58 912
58 944
58 995
59 1041
59 1180
59 1304
59 1343
59 1391
59 521
59 553
59 708
59 928
59 997
60 1348
60 7765
60 943
61 1061
61 1289
61 1351
61 1434
61 1642
61 2685
61 429
61 723
61 766
61 872
61 926
61 967
62 1278
62 1596
62 2096
62 447
62 681
62 733
62 805
62 818
62 850
62 916
62 954
63 1291
63 18724
63 2441
63 661
63 669
63 756
63 852
63 859
63 956
64 1001
64 20380
64 506
64 529
64 685
64 754
64 873
64 888
65 1008
65 1113
65 402
65 504
65 563
65 660
65 666
65 867
65 960
66 1009
66 1118
66 1520
66 17280
66 1839
66 531
66 545
66 720
66 882
66 890
66 970
67 1000
67 2698
67 496
67 569
67 637
67 878
67 883
68 1070
68 1108
68 1158
68 2624
68 2867
68 438
68 565
68 662
68 665
68 687
68 819
68 820
68 826
68 886
68 952
68 959
69 2428
69 2640
69 618
69 643
69 648
69 677
69 802
69 866
69 885
70 1067
70 3576
70 4922
70 5124
70 6096
70 6339
71 1059
71 24820
71 416
71 425
71 464
71 523
71 5327
71 5729
71 594
71 5972
71 713
71 814
71 920
71 988
72 10923
72 1147
72 1325
72 3160
72 492
72 550
72 589
72 623
72 829
73 1083
73 1306
73 15155
73 15399
73 514
73 519
73 727
73 906
73 993
74 1016
74 1057
74 1301
74 1398
74 3217
74 3460
74 3853
74 427
74 455
74 5125
74 692
74 803
74 8481
74 913
75 1078
75 2957
75 652
75 689
75 828
75 887
75 931
76 1069
76 1092
76 1095
76 1359
76 2813
76 377
76 542
76 813
76 839
77 493
77 868
77 921
78 17316
78 538
78 5415
78 583
78 773
78 786
78 851
78 870
78 893
78 911
78 914
79 2225
79 23300
79 428
79 499
79 710
79 824
79 861
79 989
80 418
80 582
80 599
80 645
80 792
80 842
80 891
80 910
80 925
81 1185
81 2534
81 502
81 532
81 776
81 877
81 946
82 1018
82 2266
82 500
82 554
82 621
82 646
82 736
82 833
82 863
82 869
82 982
82 992
83 1152
83 1182
83 1537
83 483
83 539
83 658
83 714
83 853
83 862
83 949
83 987
84 1350
84 1374
84 460
84 484
84 627
84 639
84 734
84 781
84 950
85 3249
85 441
85 520
85 585
85 626
85 640
85 697
85 730
85 837
86 1435
86 459
86 518
86 524
86 704
86 722
86 929
87 1198
87 1440
87 437
87 507
87 547
87 606
87 617
87 630
87 693
87 902
88 1012
88 1216
88 466
88 505
88 551
88 641
88 683
88 698
88 760
89 399
89 470
89 636
89 740
89 751
89 769
90 432
90 457
90 604
90 706
90 745
90 858
90 880
90 895
91 1002
91 1184
91 21840
91 414
91 424
91 477
91 584
91 936
92 558
92 724
92 729
92 764
92 821
92 897
92 915
92 919
93 1204
93 1221
93 503
93 537
93 546
93 739
93 772
93 794
93 799
93 934
94 389
94 410
94 486
94 570
94 709
94 941
95 2725
95 785
95 81
95 942
95 972
96 555
96 588
96 603
97 1013
97 1320
97 620
97 780
97 899
97 999
98 490
98 840
99 1281
99 655
100 526
100 676
100 822
100 901
101 445
101 482
101 784
102 609
102 611
102 728
102 879
102 924
103 1447
103 757
104 1049
104 401
104 489
104 716
104 744
105 1226
105 444
105 473
105 513
105 522
105 649
105 748
105 783
106 1411
106 17084
106 403
106 449
106 600
106 690
106 918
106 951
107 1101
107 1196
107 1302
107 391
107 647
108 387
108 556
108 994
109 439
109 577
109 675
110 436
110 443
110 561
110 657
111 17295
111 446
111 614
111 680
111 765
111 808
111 825
111 892
112 101
112 384
112 595
112 807
113 1141
113 1363
113 371
113 404
113 702
113 768
113 834
113 958
114 450
114 533
114 705
114 732
114 763
114 843
114 963
114 973
115 454
115 998
116 381
116 412
116 433
116 528
116 73
116 790
117 373
117 668
118 1140
118 385
118 549
118 671
119 1345
119 1417
119 463
119 937
120 1019
120 1169
120 375
120 415
120 435
120 979
121 1364
121 467
121 510
121 559
121 65
121 787
121 996
122 442
123 113
123 746
124 495
124 644
124 753
124 975
125 1047
125 2068
125 3051
125 367
125 422
125 479
126 1004
126 674
127 1039
127 390
127 602
127 607
127 700
127 717
127 907
128 469
128 548
128 592
128 679
129 1088
129 601
131 1234
131 2336
131 795
133 395
133 411
133 430
133 718
134 1197
134 567
134 642
134 721
135 369
135 383
135 591
135 625
135 761
136 379
136 465
136 667
137 420
137 472
137 678
137 684
137 699
137 759
138 1313
138 423
139 462
139 930
140 670
141 474
141 560
141 578
142 451
142 487
142 598
142 797
143 1138
143 857
143 87
144 407
144 421
144 961
145 393
145 597
145 605
145 631
145 75
146 568
146 703
148 1333
149 426
149 686
149 738
149 791
149 817
150 488
150 572
150 701
152 10409
152 742
152 832
153 497
153 634
153 672
154 1209
154 590
154 616
154 735
155 2527
155 406
155 541
155 844
156 372
156 659
157 552
157 638
158 782
158 981
159 1380
159 777
159 849
160 382
161 471
161 481
161 517
162 1370
162 540
162 909
163 1075
163 628
164 114
164 355
164 417
164 525
164 726
164 793
165 368
165 789
166 366
166 59
166 810
167 593
167 656
168 378
168 663
169 1238
169 1393
169 398
169 707
171 409
172 461
173 388
173 431
173 434
174 1159
174 596
174 688
174 771
174 938
176 566
177 476
178 1424
178 516
178 985
179 118
179 562
179 586
180 413
181 394
182 557
182 933
183 3852
184 654
185 2392
185 633
186 115
186 905
187 405
188 508
189 610
189 719
190 354
190 509
192 116
194 635
195 695
195 816
197 1242
197 815
199 135
199 478
199 99
200 419
200 581
200 653
201 71
201 779
202 564
204 361
205 1074
205 608
205 612
207 456
209 650
211 109
211 619
213 453
217 396
217 964
219 376
220 353
220 580
221 351
221 755
224 67
225 138
225 386
228 125
228 774
228 798
229 352
229 370
229 61
230 107
230 117
230 512
232 397
232 74
235 122
236 356
239 63
239 77
240 123
240 126
243 622
244 827
246 452
247 1265
248 142
249 475
250 485
251 788
252 770
253 458
255 530
256 130
256 574
262 100
262 1407
267 350
269 468
270 1102
270 534
272 58
280 80
282 121
292 23360
293 341
293 79
295 801
297 762
301 154
302 124
305 400
306 24232
306 24292
307 712
308 6712
310 6772
317 70
317 804
318 146
323 98
324 17469
324 96
328 535
330 141
331 1174
333 144
335 94
339 110
345 536
345 64
350 347
352 151
354 66
361 346
365 97
366 143
367 93
369 349
372 133
378 338
379 161
382 342
386 343
395 806
402 145
402 153
410 129
411 157
412 337
413 348
414 95
422 69
428 92
441 682
445 68
453 137
454 147
455 673
455 72
457 88
460 158
471 152
471 22772
471 22832
471 51
480 127
481 339
482 148
484 345
506 112
510 18980
517 131
518 52
524 89
533 333
536 328
539 324
540 344
544 326
549 163
550 159
554 86
559 330
560 332
562 54
565 105
565 106
565 336
568 164
569 62
574 251
578 90
582 327
585 335
591 334
593 176
608 162
614 325
619 265
622 749
624 174
646 136
667 311
668 322
676 249
680 155
681 194
689 241
689 83
691 55
697 247
698 274
706 323
711 13
713 165
714 331
717 172
720 191
721 179
726 321
730 5
731 170
731 271
735 120
735 314
746 273
747 312
750 262
752 270
760 318
768 5312
775 317
779 245
789 60
791 169
794 281
796 182
799 195
805 268
809 276
811 319
813 272
817 168
818 180
820 243
825 278
831 185
838 309
857 177
858 139
860 269
862 1261
863 91
889 297
895 299
896 192
905 102
925 178
930 196
943 11
954 261
969 313
971 173
976 84
983 279
991 296
994 234
1002 316
1004 171
1012 257
1015 184
1015 303
1022 315
1023 267
1026 283
1026 288
1031 280
1034 239
1037 156
1038 56
1047 255
1048 266
1049 256
1065 253
1067 259
1068 197
1072 200
1072 53
1075 310
1077 111
1078 240
1082 306
1083 304
1088 258
1093 199
1097 295
1103 198
1109 277
1117 298
1127 166
1127 287
1130 289
1141 254
1145 128
1147 181
1157 237
1160 301
1160 302
1165 233
1170 232
1183 250
1185 76
1186 235
1195 300
1202 282
1207 132
1210 293
1214 308
1218 108
1219 286
1240 202
1242 167
1242 246
1242 307
1246 150
1249 203
1257 244
1284 85
1286 284
1321 160
1325 193
1325 215
1328 82
1360 231
1365 14
1367 294
1401 236
1413 201
1436 290
1440 213
1440 216
1448 242
1451 238
1456 190
1489 103
1507 214
1538 291
1541 260
1573 186
1588 226
1609 218
1613 230
1643 219
1646 204
1653 189
1679 292
1681 46
1721 217
1725 149
1738 224
1742 104
1744 225
1751 183
1837 41
1839 4619
1839 4843
1840 14805
1840 15031
1842 17359
1846 3430
1847 3992
1847 4195
1848 2018
1848 4538
1848 5588
1848 5813
1850 8557
1851 4314
1851 8781
1853 2243
1854 3206
1860 2444
1861 18846
1861 2668
1863 1953
1866 1729
1867 47
1901 78
1969 491
1974 615
1978 207
1985 16
1989 812
2001 392
2002 31
2004 10
2022 212
2027 20440
2048 229
2055 498
2059 221
2066 227
2076 21900
2129 252
2145 119
2147 220
2171 45
2178 223
2178 4
2289 18
2302 222
2396 205
2439 263
2483 228
2504 43
2515 57
2543 329
2557 34
2636 206
2720 275
2725 33
2738 305
2916 40
3047 21
3105 42
3118 248
3124 134
3218 9
3332 44
3460 48
3537 39
3707 1450
3736 1225
3748 1292
3749 527
3797 632
3803 953
3819 380
3821 448
3828 515
3843 511
3871 35
3873 480
3882 800
3957 932
3987 187
4097 211
4217 17520
4306 175
4350 8
4362 140
4482 12
4678 188
4727 36
4853 23
5103 30
5554 374
5641 360
5651 358
5653 1014
5673 357
5686 365
5760 19
5818 25
5824 340
6060 28
6201 50
6406 27
6422 22
6456 7
6491 264
6573 210
6577 37
6752 26
6773 285
7819 208
7890 32
7965 49
8267 29
8328 38
9773 15
11018 364
11022 359
11023 362
12029 3
12951 363
13998 209
15610 6
16393 2
18123 1024
18621 24
24170 320
53574 17
73934 20
428949 1
498254 1460
